1000 0.1 0.1
20488
1.389
2.623
7.386
760 0.0440802217 0.0381436879 0.0555268241 0.1434000000 1.0000000000 true
760 0.0221965231 0.0211299566 0.0228081100 0.1454000000 1.0000000000 true
200 0.0249831916 0.0200745142 0.0849842211 0.1664000000 1.0000000000 true
20328
1.517
2.559
13.736
760 0.0244923739 0.0184316102 0.0332450161 0.1853000000 1.0000000000 true
760 0.0151843584 0.0133050836 0.0166136616 0.1465000000 1.0000000000 true
288 0.0102307314 -0.0011588869 0.0631416452 0.1486000000 1.0000000000 true

1000 0.1000000000 0.0100000000
20408
2.011
4.150
13.037
1288 0.0129405592 0.0076757753 0.0156401597 0.1935000000 1.0000000000 true
1288 0.0055009539 0.0051765428 0.0057046362 0.1968000000 1.0000000000 true
308 0.0056889854 0.0026834510 0.0125729199 0.1999000000 1.0000000000 true
20376
1.926
3.303
23.514
1288 0.0119887733 0.0089998583 0.0152249965 1.3240000000 1.0000000000 true
1288 0.0061256173 0.0053619887 0.0066981266 0.2415000000 1.0000000000 true
456 0.0036581021 -0.0049979838 0.0156238761 0.2437000000 1.0000000000 true

1000 0.1000000000 0.0010000000
20536
2.506
6.051
20.196
1816 0.0074468381 0.0061827296 0.0088739932 0.2609000000 1.0000000000 true
1816 0.0028442232 0.0026589685 0.0029478308 0.2357000000 1.0000000000 true
416 0.0033960698 0.0015896397 0.0073471497 0.2639000000 1.0000000000 true
20456
2.344
4.519
32.273
1816 0.0072798892 0.0027523943 0.0098962004 0.2720000000 1.0000000000 true
1816 0.0036699225 0.0032549300 0.0040000693 0.2671000000 1.0000000000 true
624 0.0022280935 -0.0018455193 0.0102875429 0.2909000000 1.0000000000 true

1000 0.0100000000 0.1000000000
20360
1.509
2.577
7.640
6520 0.0003426815 0.0000000000 0.0007930063 0.1473000000 1.0000000000 true
6520 0.0002030610 0.0000000000 0.0003057832 0.1461000000 1.0000000000 true
920 0.0002136756 -0.0000850103 0.0012979927 0.1414000000 1.0000000000 true
20600
1.634
2.250
13.777
6520 0.0003825031 0.0000000000 0.0009680019 0.1534000000 1.0000000000 true
6520 0.0002784290 0.0000118972 0.0005494357 0.1661000000 1.0000000000 true
1728 0.0001822193 -0.0005505173 0.0018592125 0.1452000000 1.0000000000 true

1000 0.0100000000 0.0100000000
20360
1.893
3.845
13.044
11368 0.0002470017 0.0000000000 0.0005169676 0.2523000000 1.0000000000 true
11368 0.0001150235 0.0000000000 0.0001974054 0.2350000000 1.0000000000 true
1568 0.0001244165 -0.0000947937 0.0004993770 0.2543000000 1.0000000000 true
20456
1.951
3.500
22.560
11368 0.0002317833 0.0000000000 0.0006184512 0.1950000000 1.0000000000 true
11368 0.0001510719 0.0000000000 0.0003587364 0.1833000000 1.0000000000 true
2976 0.0000473660 -0.0007999910 0.0006670934 0.2143000000 1.0000000000 true

1000 0.0100000000 0.0010000000
20408
2.272
5.172
17.951
16216 0.0001659995 0.0000000000 0.0003626579 0.2479000000 1.0000000000 true
16216 0.0000767838 0.0000000000 0.0001409002 0.2662000000 1.0000000000 true
2216 0.0000818641 -0.0000760541 0.0004090909 0.2266000000 1.0000000000 true
20392
2.849
4.309
32.410
16216 0.0001556618 0.0000000000 0.0004309966 0.2818000000 1.0000000000 true
16216 0.0001247888 0.0000000000 0.0002662892 0.4038000000 1.0000000000 true
4224 0.0000054442 -0.0006922067 0.0006501229 1.3106000000 1.0000000000 true

1000 0.0010000000 0.1000000000
20232
2.391
3.541
8.118
64120 0.0000002430 0.0000000000 0.0000665514 0.1594000000 1.0000000000 true
64120 0.0000011457 0.0000000000 0.0000638350 0.1855000000 1.0000000000 true
8120 -0.0000093611 -0.0000672305 0.0001235954 0.1580000000 1.0000000000 true
20248
2.164
3.032
15.449
64120 0.0000003834 0.0000000000 0.0001475677 0.2641000000 1.0000000000 true
64120 0.0000080891 0.0000000000 0.0000367363 0.2785000000 1.0000000000 true
16128 -0.0000245076 -0.0003368527 0.0001805680 0.2298000000 1.0000000000 true

1000 0.0010000000 0.0100000000
20280
4.018
6.377
17.313
112168 0.0000000000 0.0000000000 0.0000000000 0.2744000000 1.0000000000 true
112168 0.0000000000 0.0000000000 0.0000000000 0.2423000000 1.0000000000 true
14168 -0.0000153389 -0.0000646567 0.0000335039 0.2038000000 1.0000000000 true
20424
2.786
4.291
25.233
112168 0.0000000057 0.0000000000 0.0000114288 0.2279000000 1.0000000000 true
112168 0.0000070587 0.0000000000 0.0000778247 0.2545000000 1.0000000000 true
28176 -0.0000282229 -0.0002111608 0.0000070750 0.1982000000 1.0000000000 true

1000 0.0010000000 0.0010000000
20328
2.978
5.766
19.102
160216 0.0000000000 0.0000000000 0.0000000000 0.3785000000 1.0000000000 true
160216 0.0000000000 0.0000000000 0.0000000000 0.9723000000 1.0000000000 true
20216 -0.0000149066 -0.0000558279 0.0000072369 0.2555000000 1.0000000000 true
20504
3.540
5.998
34.437
160216 0.0000000000 0.0000000000 0.0000000000 0.3408000000 1.0000000000 true
160216 0.0000062665 0.0000000000 0.0000241753 0.4618000000 1.0000000000 true
40224 -0.0000271677 -0.0002746319 0.0000140217 0.2469000000 1.0000000000 true

10000 0.1000000000 0.1000000000
203752
23.145
30.082
87.637
760 0.0157572214 0.0151681630 0.0167967159 1.9054000000 1.0000000000 true
760 0.0073871589 0.0073462782 0.0074089525 2.0409000000 1.0000000000 true
200 0.0077523841 0.0052969587 0.0213925057 2.2342000000 1.0000000000 true
203208
18.596
28.778
154.838
760 0.0144102827 0.0131189968 0.0160941620 1.7971000000 1.0000000000 true
760 0.0081801204 0.0080926774 0.0082527208 1.5391000000 1.0000000000 true
288 0.0045711678 -0.0000649749 0.0261468008 1.9335000000 1.0000000000 true

10000 0.1000000000 0.0100000000
203832
21.320
44.770
134.048
1288 0.0088108774 0.0085552742 0.0093759615 2.4215000000 1.0000000000 true
1288 0.0034185262 0.0033995650 0.0034295130 2.5270000000 1.0000000000 true
308 0.0034682381 0.0014959127 0.0121903310 2.2929000000 1.0000000000 true
204040
22.569
43.518
251.296
1288 0.0092672949 0.0081837613 0.0102157335 2.1703000000 1.0000000000 true
1288 0.0043332291 0.0042790909 0.0043698279 2.2218000000 1.0000000000 true
456 0.0029052584 -0.0000415692 0.0170709206 1.9970000000 1.0000000000 true

10000 0.1000000000 0.0010000000
203752
24.786
57.432
181.431
1816 0.0061159987 0.0058803460 0.0064352379 2.7478000000 1.0000000000 true
1816 0.0021233462 0.0021097841 0.0021307014 2.6722000000 1.0000000000 true
416 0.0022937574 0.0010456027 0.0042571154 2.7557000000 1.0000000000 true
203096
26.003
50.132
343.177
1816 0.0067992511 0.0060311845 0.0074329232 2.3163000000 1.0000000000 true
1816 0.0029108175 0.0028792921 0.0029347418 2.5483000000 1.0000000000 true
624 0.0007581759 -0.0054691608 0.0068000656 2.5146000000 1.0000000000 true

10000 0.0100000000 0.1000000000
203048
16.491
29.311
80.435
6520 0.0004361905 0.0003406773 0.0005721145 2.2439000000 1.0000000000 true
6520 0.0002166862 0.0002007384 0.0002248590 1.5021000000 1.0000000000 true
920 0.0002617756 0.0000873123 0.0008164094 1.5694000000 1.0000000000 true
203160
18.584
24.527
150.267
6520 0.0005030628 0.0003553722 0.0006833810 1.4709000000 1.0000000000 true
6520 0.0003031399 0.0002447748 0.0003362794 1.6520000000 1.0000000000 true
1728 0.0001847654 -0.0003828236 0.0013341195 1.5986000000 1.0000000000 true

10000 0.0100000000 0.0100000000
203288
19.829
40.455
127.578
11368 0.0003306822 0.0002382935 0.0004418392 2.3515000000 1.0000000000 true
11368 0.0001409853 0.0001317013 0.0001459568 2.4607000000 1.0000000000 true
1568 0.0001565263 0.0000307789 0.0006564816 2.1534000000 1.0000000000 true
204040
22.050
35.832
255.802
11368 0.0004007447 0.0002960671 0.0005395130 3.1853000000 1.0000000000 true
11368 0.0001935227 0.0000822206 0.0002156006 1.9333000000 1.0000000000 true
2976 0.0001001201 -0.0003191619 0.0010375138 2.2141000000 1.0000000000 true

10000 0.0100000000 0.0010000000
203256
24.607
55.414
181.401
16216 0.0002803651 0.0002024119 0.0003428735 2.6325000000 1.0000000000 true
16216 0.0001063770 0.0000970487 0.0001106791 2.6442000000 1.0000000000 true
2216 0.0001166186 0.0000088598 0.0002790831 2.5408000000 1.0000000000 true
203672
27.155
47.136
330.749
16216 0.0003345126 0.0002393492 0.0004197201 2.2754000000 1.0000000000 true
16216 0.0001529593 0.0000625394 0.0001688127 2.2684000000 1.0000000000 true
4224 0.0000711242 -0.0002727119 0.0004478347 4.8107000000 1.0000000000 true

10000 0.0010000000 0.1000000000
203592
18.338
32.624
86.410
64120 0.0000168079 0.0000000000 0.0000391853 1.8339000000 1.0000000000 true
64120 0.0000090053 0.0000000000 0.0000149446 1.8790000000 1.0000000000 true
8120 0.0000101245 -0.0000050600 0.0000601901 1.9670000000 1.0000000000 true
202856
21.152
24.852
149.323
64120 0.0000190443 0.0000000000 0.0000626601 2.0970000000 1.0000000000 true
64120 0.0000138018 0.0000000000 0.0000294743 1.9525000000 1.0000000000 true
16128 0.0000089541 -0.0000698104 0.0001017409 2.0330000000 1.0000000000 true

10000 0.0010000000 0.0100000000
203688
26.538
46.012
145.222
112168 0.0000121742 0.0000000000 0.0000301261 2.3451000000 1.0000000000 true
112168 0.0000059452 0.0000000000 0.0000105079 2.2830000000 1.0000000000 true
14168 0.0000064780 -0.0000049175 0.0000264510 2.6284000000 1.0000000000 true
203512
26.260
40.256
247.725
112168 0.0000130235 0.0000000000 0.0000395655 2.2347000000 1.0000000000 true
112168 0.0000087624 0.0000000000 0.0000202428 2.4181000000 1.0000000000 true
28176 0.0000025098 -0.0000475561 0.0000433913 2.4553000000 1.0000000000 true

10000 0.0010000000 0.0010000000
202616
32.053
63.706
197.592
160216 0.0000098756 0.0000000000 0.0000273093 2.9906000000 1.0000000000 true
160216 0.0000044924 0.0000000000 0.0000082251 2.9629000000 1.0000000000 true
20216 0.0000048199 -0.0000042974 0.0000236126 3.2743000000 1.0000000000 true
203976
37.390
55.589
353.680
160216 0.0000098223 0.0000000000 0.0000319586 2.8690000000 1.0000000000 true
160216 0.0000069898 0.0000000000 0.0000155874 2.8505000000 1.0000000000 true
40224 0.0000004053 -0.0000769793 0.0000286060 2.5322000000 1.0000000000 true

100000 0.1000000000 0.1000000000
2094888
348.490
353.957
883.616
760 0.0149909247 0.0146318854 0.0153465723 84.9697000002 1.0000000000 true
760 0.0069093696 0.0069059697 0.0069112205 79.4977000000 1.0000000000 true
200 0.0073114250 0.0019844727 0.0318258326 85.8948000001 1.0000000000 true
2095688
610.052
852.005
4509.566
760 0.0142182363 0.0139342686 0.0145445882 35.2537000000 1.0000000000 true
760 0.0077681648 0.0077567880 0.0077768725 77.3298000002 1.0000000000 true
288 0.0051654878 -0.0000063994 0.0425057435 59.6659000001 1.0000000000 true

100000 0.1000000000 0.0100000000
2094520
460.754
766.093
2102.662
1288 0.0087313437 0.0086609445 0.0089268468 58.3958000002 1.0000000000 true
1288 0.0032952056 0.0032932167 0.0032962951 57.6984000001 1.0000000000 true
308 0.0036911699 0.0023295411 0.0186588029 57.4372000001 1.0000000000 true
2093384
442.112
576.482
3379.896
1288 0.0094114840 0.0092946376 0.0097011275 41.3107000001 1.0000000000 true
1288 0.0042093210 0.0042035601 0.0042135713 38.7422000000 1.0000000000 true
456 0.0024060690 -0.0037748039 0.0141399800 46.1675000001 1.0000000000 true

100000 0.1000000000 0.0010000000
2096728
472.050
823.212
2461.705
1816 0.0061860921 0.0060964023 0.0063132614 44.8307000000 1.0000000000 true
1816 0.0020910513 0.0020896345 0.0020917725 42.5208000000 1.0000000000 true
416 0.0024360797 0.0016464462 0.0065937708 51.9333000000 1.0000000000 true
2093832
505.481
754.121
4803.295
1816 0.0070292111 0.0068368110 0.0072002503 46.5575000001 1.0000000000 true
1816 0.0028135263 0.0028085696 0.0028165545 45.5110000001 1.0000000000 true
624 0.0008514391 -0.0084775733 0.0084745237 46.2538000001 1.0000000000 true

100000 0.0100000000 0.1000000000
2093608
346.950
464.324
1077.108
6520 0.0004673705 0.0004360483 0.0005093346 30.7585000000 1.0000000000 true
6520 0.0002173425 0.0002162382 0.0002179804 29.0342000000 1.0000000000 true
920 0.0002500747 0.0000781817 0.0012756577 33.8855000000 1.0000000000 true
2094520
386.975
385.698
2218.372
6520 0.0005493112 0.0005033655 0.0006157071 37.8326000000 1.0000000000 true
6520 0.0003057199 0.0002998014 0.0003090814 42.0369000001 1.0000000000 true
1728 0.0002154402 -0.0002847054 0.0010924822 40.1795000000 1.0000000000 true

100000 0.0100000000 0.0100000000
2092296
479.288
681.534
1876.531
11368 0.0003773552 0.0003480365 0.0004079336 39.0902000000 1.0000000000 true
11368 0.0001447762 0.0001438753 0.0001452638 40.0377000000 1.0000000000 true
1568 0.0001679194 0.0000637850 0.0005199838 41.8080000001 1.0000000000 true
2095576
423.316
531.199
3102.986
11368 0.0004495822 0.0004117781 0.0004968240 43.3102000001 1.0000000000 true
11368 0.0002059073 0.0001998307 0.0002080999 47.4851000001 1.0000000000 true
2976 0.0001109352 -0.0002372214 0.0008232403 58.8712000001 1.0000000000 true

100000 0.0100000000 0.0010000000
2094872
492.465
871.538
2499.019
16216 0.0003163705 0.0002960790 0.0003388334 47.7720000001 1.0000000000 true
16216 0.0001089545 0.0001082059 0.0001093448 46.7309000001 1.0000000000 true
2216 0.0001238670 0.0000538283 0.0004390337 71.0596000001 1.0000000000 true
2092920
702.858
988.822
5278.666
16216 0.0003829820 0.0003437987 0.0004167682 39.5804000000 1.0000000000 true
16216 0.0001575235 0.0001541813 0.0001592006 45.8578000001 1.0000000000 true
4224 0.0000677657 -0.0002034387 0.0007054476 41.5098000001 1.0000000000 true

100000 0.0010000000 0.1000000000
2096136
396.575
491.627
974.614
64120 0.0000255227 0.0000169774 0.0000342910 33.6799000000 1.0000000000 true
64120 0.0000125550 0.0000116158 0.0000129838 31.3452999999 1.0000000000 true
8120 0.0000141651 0.0000021330 0.0000949612 27.8017000000 1.0000000000 true
2093848
567.831
603.797
2415.681
64120 0.0000307616 0.0000189700 0.0000429824 43.8610000001 1.0000000000 true
64120 0.0000184568 0.0000149769 0.0000204499 38.8187000000 1.0000000000 true
16128 0.0000123059 -0.0000345011 0.0000826606 40.8549000000 1.0000000000 true

100000 0.0010000000 0.0100000000
2095912
504.890
708.662
1714.169
112168 0.0000216655 0.0000138414 0.0000280403 43.7096000001 1.0000000000 true
112168 0.0000089907 0.0000081720 0.0000093570 81.2275000002 1.0000000000 true
14168 0.0000101417 0.0000018796 0.0000418357 49.3132000001 1.0000000000 true
2095192
727.224
773.027
3581.896
112168 0.0000261072 0.0000150657 0.0000360907 69.3838000002 1.0000000000 true
112168 0.0000131883 0.0000104981 0.0000145826 54.5107000001 1.0000000000 true
28176 0.0000072053 -0.0000403999 0.0000367316 63.8416000001 1.0000000000 true

100000 0.0010000000 0.0010000000
2095512
1129.159
1583.649
2790.032
160216 0.0000189447 0.0000109287 0.0000241582 67.8701000002 1.0000000000 true
160216 0.0000071759 0.0000066239 0.0000074821 54.7734000001 1.0000000000 true
20216 0.0000083164 0.0000016799 0.0000373923 60.5257000001 1.0000000000 true
2091736
753.753
960.265
4168.853
160216 0.0000226922 0.0000137184 0.0000301315 59.8908000001 1.0000000000 true
160216 0.0000105306 0.0000083034 0.0000116308 55.9401000000 1.0000000000 true
40224 0.0000046102 -0.0000276564 0.0000607107 52.6064000001 1.0000000000 true

