1000 0.1 0.1
20376
1.490
2.739
8.255
760 0.0440519980 0.0361822224 0.0547240747 0.1444000000 1.0000000000 true
760 0.0221857530 0.0209594640 0.0228443816 0.1401000000 1.0000000000 true
200 0.0220007291 0.0090250674 0.0839095649 0.1687000000 1.0000000000 true
20712
1.468
2.352
13.089
760 0.0239235560 0.0197353064 0.0330448570 0.1444000000 1.0000000000 true
760 0.0149846549 0.0129924468 0.0162823985 0.1470000000 1.0000000000 true
288 0.0082098036 -0.0012067561 0.0336350224 0.1511000000 1.0000000000 true

1000 0.1000000000 0.0100000000
20728
1.899
3.964
12.709
1288 0.0127435694 0.0108924437 0.0155075712 0.2446000000 1.0000000000 true
1288 0.0053761563 0.0050670447 0.0055561058 0.2038000000 1.0000000000 true
308 0.0061590937 0.0027641240 0.0253537955 0.2085000000 1.0000000000 true
20376
2.195
3.630
25.532
1288 0.0119084287 0.0095912744 0.0147701195 0.1991000000 1.0000000000 true
1288 0.0058759141 0.0050946723 0.0064680187 0.2123000000 1.0000000000 true
456 0.0038564842 -0.0006002853 0.0158776570 0.2054000000 1.0000000000 true

1000 0.1000000000 0.0010000000
20184
2.344
5.392
17.463
1816 0.0070811631 0.0059571827 0.0088061908 0.2289000000 1.0000000000 true
1816 0.0028409204 0.0026591959 0.0029420890 0.2972000000 1.0000000000 true
416 0.0032716363 0.0016134037 0.0074738552 0.2555000000 1.0000000000 true
20456
2.375
4.420
31.340
1816 0.0077166630 0.0056736736 0.0100296948 0.2361000000 1.0000000000 true
1816 0.0036819195 0.0030984619 0.0040101191 0.2746000000 1.0000000000 true
624 0.0016327121 -0.0033842708 0.0102876557 0.2500000000 1.0000000000 true

1000 0.0100000000 0.1000000000
20584
1.668
2.752
8.073
6520 0.0003591009 0.0000000000 0.0007733357 0.1473000000 1.0000000000 true
6520 0.0001895828 0.0000000000 0.0003065128 0.1736000000 1.0000000000 true
920 0.0001995504 -0.0000910561 0.0013119775 0.1454000000 1.0000000000 true
20408
1.557
2.404
12.987
6520 0.0004115548 0.0000000000 0.0011159598 0.1913000000 1.0000000000 true
6520 0.0002697663 0.0000000000 0.0005651264 0.1850000000 1.0000000000 true
1728 0.0001454528 -0.0005673254 0.0010554890 0.1697000000 1.0000000000 true

1000 0.0100000000 0.0100000000
20376
1.889
3.795
12.757
11368 0.0002476252 0.0000000000 0.0005363993 0.1761000000 1.0000000000 true
11368 0.0001137579 0.0000000000 0.0002002822 0.1744000000 1.0000000000 true
1568 0.0001240638 -0.0000813027 0.0005066544 0.1787000000 1.0000000000 true
20632
2.021
3.446
23.266
11368 0.0002401747 0.0000000000 0.0006695629 0.2063000000 1.0000000000 true
11368 0.0001602312 0.0000000000 0.0003714938 0.1905000000 1.0000000000 true
2976 0.0000475497 -0.0004449184 0.0006197390 0.1960000000 1.0000000000 true

1000 0.0100000000 0.0010000000
20376
2.184
4.830
16.788
16216 0.0001542152 0.0000000000 0.0003499234 0.2217000000 1.0000000000 true
16216 0.0000754623 0.0000000000 0.0001312213 0.2392000000 1.0000000000 true
2216 0.0000798686 -0.0000623706 0.0003483034 0.2417000000 1.0000000000 true
20312
2.456
4.713
33.345
16216 0.0001712599 0.0000000000 0.0004785332 0.2628000000 1.0000000000 true
16216 0.0001112873 0.0000000000 0.0002308649 0.2446000000 1.0000000000 true
4224 0.0000103333 -0.0005450165 0.0003974383 0.2501000000 1.0000000000 true

1000 0.0010000000 0.1000000000
20472
1.632
2.666
8.508
64120 0.0000001129 0.0000000000 0.0000607667 0.2339000000 1.0000000000 true
64120 0.0000001280 0.0000000000 0.0000573528 0.1751000000 1.0000000000 true
8120 -0.0000071092 -0.0000771532 0.0001201678 0.1514000000 1.0000000000 true
20424
2.073
3.027
14.875
64120 0.0000000962 0.0000000000 0.0000662809 0.3121000000 1.0000000000 true
64120 0.0000084747 0.0000000000 0.0001194307 0.2198000000 1.0000000000 true
16128 -0.0000245889 -0.0002013439 0.0001306859 0.1984000000 1.0000000000 true

1000 0.0010000000 0.0100000000
20056
4.850
5.058
16.101
112168 0.0000000560 0.0000000000 0.0000506793 0.2203000000 1.0000000000 true
112168 0.0000000009 0.0000000000 0.0000017679 0.5303000000 1.0000000000 true
14168 -0.0000152680 -0.0000601080 0.0000241611 0.1965000000 1.0000000000 true
20488
2.511
3.961
25.550
112168 0.0000000000 0.0000000000 0.0000000000 0.2328000000 1.0000000000 true
112168 0.0000070553 0.0000000000 0.0000322909 0.2705000000 1.0000000000 true
28176 -0.0000266814 -0.0001866305 0.0001160283 0.2204000000 1.0000000000 true

1000 0.0010000000 0.0010000000
20360
3.073
6.061
20.007
160216 0.0000000000 0.0000000000 0.0000000000 0.2791000000 1.0000000000 true
160216 0.0000000000 0.0000000000 0.0000000000 0.3108000000 1.0000000000 true
20216 -0.0000143341 -0.0000534927 0.0000155804 0.2370000000 1.0000000000 true
20456
4.150
6.214
34.527
160216 0.0000000000 0.0000000000 0.0000000000 0.4147000000 1.0000000000 true
160216 0.0000062185 0.0000000000 0.0000257340 0.3646000000 1.0000000000 true
40224 -0.0000272526 -0.0001646007 0.0000029133 0.2895000000 1.0000000000 true

10000 0.1000000000 0.1000000000
203928
23.473
37.534
109.053
760 0.0156180726 0.0149801658 0.0169501261 1.6756000000 1.0000000000 true
760 0.0073931647 0.0073540368 0.0074134442 1.8617000000 1.0000000000 true
200 0.0079850783 0.0053259821 0.0430197698 2.1443000000 1.0000000000 true
203080
18.645
26.055
143.988
760 0.0146463494 0.0141607649 0.0161404745 1.6525000000 1.0000000000 true
760 0.0081669198 0.0080660159 0.0082554072 1.6439000000 1.0000000000 true
288 0.0048010438 -0.0000641192 0.0280390402 1.9395000000 1.0000000000 true

10000 0.1000000000 0.0100000000
203352
22.465
45.519
134.688
1288 0.0088751594 0.0085811138 0.0094739453 3.5095000000 1.0000000000 true
1288 0.0034343598 0.0034151133 0.0034452401 2.0329000000 1.0000000000 true
308 0.0035324050 0.0014970411 0.0121874020 2.1063000000 1.0000000000 true
202776
22.455
37.856
253.262
1288 0.0093723474 0.0087916808 0.0101481363 2.4674000000 1.0000000000 true
1288 0.0043561374 0.0043036700 0.0044003147 2.5088000000 1.0000000000 true
456 0.0029156873 -0.0000454886 0.0146613522 2.0582000000 1.0000000000 true

10000 0.1000000000 0.0010000000
203272
25.796
58.276
185.964
1816 0.0060910084 0.0058422444 0.0065250383 2.7659000000 1.0000000000 true
1816 0.0021233527 0.0021102882 0.0021308371 2.5909000000 1.0000000000 true
416 0.0024169643 0.0010470807 0.0085232183 2.7207000000 1.0000000000 true
203416
27.226
46.838
335.971
1816 0.0068979249 0.0065712981 0.0074875276 2.3731000000 1.0000000000 true
1816 0.0028700825 0.0028298060 0.0029007285 2.4562000000 1.0000000000 true
624 0.0011696307 -0.0000309178 0.0063546522 2.4021000000 1.0000000000 true

10000 0.0100000000 0.1000000000
203352
15.523
28.247
77.519
6520 0.0004384252 0.0003263472 0.0005660412 1.6009000000 1.0000000000 true
6520 0.0002158765 0.0002037549 0.0002229224 1.6062000000 1.0000000000 true
920 0.0002454305 0.0000377361 0.0008177150 1.5725000000 1.0000000000 true
202952
16.900
26.940
139.760
6520 0.0004973529 0.0002985331 0.0006896415 1.5289000000 1.0000000000 true
6520 0.0003003600 0.0002293221 0.0003337117 1.5744000000 1.0000000000 true
1728 0.0001968887 -0.0003851130 0.0013542436 1.4953000000 1.0000000000 true

10000 0.0100000000 0.0100000000
202904
20.368
42.004
131.779
11368 0.0003398615 0.0002508008 0.0004257290 2.0370000000 1.0000000000 true
11368 0.0001412739 0.0001292913 0.0001466382 2.0162000000 1.0000000000 true
1568 0.0001590931 0.0000316135 0.0006639655 2.0196000000 1.0000000000 true
203816
20.432
34.769
228.562
11368 0.0003840206 0.0001368060 0.0005451037 2.2169000000 1.0000000000 true
11368 0.0002029242 0.0001672967 0.0002237448 1.9825000000 1.0000000000 true
2976 0.0001088805 -0.0003190191 0.0005241185 2.0195000000 1.0000000000 true

10000 0.0100000000 0.0010000000
203384
25.129
55.394
183.323
16216 0.0002719863 0.0001748813 0.0003501716 2.9457000000 1.0000000000 true
16216 0.0001074447 0.0000995720 0.0001117714 2.6899000000 1.0000000000 true
2216 0.0001240308 0.0000598386 0.0002790877 2.5067000000 1.0000000000 true
203864
26.923
46.038
345.594
16216 0.0003295749 0.0002156251 0.0004306253 2.3375000000 1.0000000000 true
16216 0.0001529969 0.0001254637 0.0001675140 2.3404000000 1.0000000000 true
4224 0.0000711323 -0.0002726711 0.0004478703 2.6771000000 1.0000000000 true

10000 0.0010000000 0.1000000000
203480
21.029
30.999
88.075
64120 0.0000168498 0.0000000000 0.0000398360 1.6491000000 1.0000000000 true
64120 0.0000103294 0.0000000000 0.0000162404 1.6308000000 1.0000000000 true
8120 0.0000100131 -0.0000063549 0.0000601953 1.7336000000 1.0000000000 true
203352
19.872
26.616
159.078
64120 0.0000187736 0.0000000000 0.0000536931 1.7590000000 1.0000000000 true
64120 0.0000138950 0.0000000000 0.0000307208 1.6604000000 1.0000000000 true
16128 0.0000081335 -0.0000695719 0.0000977826 1.7972000000 1.0000000000 true

10000 0.0010000000 0.0100000000
203528
23.703
43.560
135.947
112168 0.0000123131 0.0000000000 0.0000296152 2.1981000000 1.0000000000 true
112168 0.0000059142 0.0000000000 0.0000102514 2.5124000000 1.0000000000 true
14168 0.0000068789 -0.0000046080 0.0000477881 2.4768000000 1.0000000000 true
203960
30.605
43.032
255.879
112168 0.0000134682 0.0000000000 0.0000397578 2.2531000000 1.0000000000 true
112168 0.0000089404 0.0000000000 0.0000203390 2.4471000000 1.0000000000 true
28176 0.0000024411 -0.0000872638 0.0000433898 2.0951000000 1.0000000000 true

10000 0.0010000000 0.0010000000
203800
39.220
64.505
211.328
160216 0.0000094455 0.0000000000 0.0000253673 3.0210000000 1.0000000000 true
160216 0.0000046028 0.0000000000 0.0000083633 2.8094000000 1.0000000000 true
20216 0.0000047611 -0.0000045282 0.0000236114 2.6385000000 1.0000000000 true
203640
40.787
59.384
353.810
160216 0.0000097219 0.0000000000 0.0000298468 3.9344000000 1.0000000000 true
160216 0.0000067476 0.0000000000 0.0000159676 3.0510000000 1.0000000000 true
40224 0.0000004923 -0.0000550818 0.0000324574 3.3952000000 1.0000000000 true

100000 0.1000000000 0.1000000000
2095256
366.212
388.790
951.898
760 0.0149894905 0.0147571265 0.0153665211 29.9430000000 1.0000000000 true
760 0.0069136583 0.0069103742 0.0069154985 29.7774000000 1.0000000000 true
200 0.0071820035 0.0039695249 0.0317940099 28.8578000000 1.0000000000 true
2096424
367.720
407.373
2082.026
760 0.0141901355 0.0139097345 0.0145924997 52.6152000002 1.0000000000 true
760 0.0077622602 0.0077523742 0.0077721338 83.7367000002 1.0000000000 true
288 0.0063507942 -0.0000063559 0.0212521513 58.8222000003 1.0000000000 true

100000 0.1000000000 0.0100000000
2094776
423.528
693.493
1995.306
1288 0.0087473329 0.0086643333 0.0089155974 36.2453000000 1.0000000000 true
1288 0.0032952682 0.0032933693 0.0032962870 36.1032000000 1.0000000000 true
308 0.0033471794 0.0011633086 0.0093276577 45.2035000001 1.0000000000 true
2096808
364.737
495.416
2862.405
1288 0.0093739850 0.0091982372 0.0097032612 34.5954000000 1.0000000000 true
1288 0.0042122475 0.0042070512 0.0042166490 33.8611000000 1.0000000000 true
456 0.0024569037 -0.0000042449 0.0146168453 39.9075000000 1.0000000000 true

100000 0.1000000000 0.0010000000
2093448
526.114
845.093
2237.194
1816 0.0061832366 0.0061191960 0.0063235399 59.8664000001 1.0000000000 true
1816 0.0020924276 0.0020910056 0.0020931695 42.1135000001 1.0000000000 true
416 0.0025887124 0.0008225713 0.0065957552 42.4443000000 1.0000000000 true
2095112
543.987
828.344
5213.779
1816 0.0070075498 0.0068880636 0.0072162104 70.3063000001 1.0000000000 true
1816 0.0028185403 0.0028137167 0.0028217258 53.6581000001 1.0000000000 true
624 0.0010399171 -0.0028288510 0.0105949082 58.4492000002 1.0000000000 true

100000 0.0100000000 0.1000000000
2095128
426.858
608.156
1453.406
6520 0.0004692033 0.0004369661 0.0005092958 32.8877000000 1.0000000000 true
6520 0.0002178117 0.0002167262 0.0002184393 35.2452000000 1.0000000000 true
920 0.0002409746 0.0000783060 0.0012757799 35.9648000000 1.0000000000 true
2093528
384.257
423.589
2017.755
6520 0.0005494127 0.0005059374 0.0006069388 36.2630000000 1.0000000000 true
6520 0.0003045083 0.0002994100 0.0003077959 34.7939000000 1.0000000000 true
1728 0.0002133052 -0.0002847326 0.0010943548 35.5941000000 1.0000000000 true

100000 0.0100000000 0.0100000000
2092632
476.244
674.809
1900.497
11368 0.0003786892 0.0003561512 0.0004099115 34.3812000000 1.0000000000 true
11368 0.0001450139 0.0001440539 0.0001455298 37.5308000000 1.0000000000 true
1568 0.0001738857 0.0000638141 0.0005200270 36.6756000000 1.0000000000 true
2095800
432.292
527.011
2812.389
11368 0.0004504788 0.0004057241 0.0004945617 33.2471000000 1.0000000000 true
11368 0.0002060970 0.0002025426 0.0002081349 41.0887000001 1.0000000000 true
2976 0.0000988687 -0.0004724367 0.0008821307 43.0612000001 1.0000000000 true

100000 0.0100000000 0.0010000000
2097032
494.094
853.780
2330.644
16216 0.0003171297 0.0002953808 0.0003396654 56.2089000001 1.0000000000 true
16216 0.0001089675 0.0001081926 0.0001093650 63.3808000001 1.0000000000 true
2216 0.0001220067 0.0000538183 0.0004390614 54.7004000002 1.0000000000 true
2093032
553.544
815.721
4237.339
16216 0.0003838091 0.0003505266 0.0004186797 58.8674000001 1.0000000000 true
16216 0.0001575959 0.0001548684 0.0001592844 53.2837000001 1.0000000000 true
4224 0.0000716048 -0.0002032478 0.0007053830 62.5213000002 1.0000000000 true

100000 0.0010000000 0.1000000000
2096264
489.829
513.018
1019.897
64120 0.0000256452 0.0000165370 0.0000334100 29.9652000000 1.0000000000 true
64120 0.0000125987 0.0000116350 0.0000130893 44.4028000000 1.0000000000 true
8120 0.0000142872 0.0000021787 0.0000474612 37.8274000000 1.0000000000 true
2092936
696.088
732.972
2263.630
64120 0.0000306096 0.0000192202 0.0000439235 54.7377000001 1.0000000000 true
64120 0.0000183950 0.0000129247 0.0000203394 39.3531000000 1.0000000000 true
16128 0.0000124101 -0.0000345071 0.0000844571 41.8384000000 1.0000000000 true

100000 0.0010000000 0.0100000000
2093336
823.474
1093.964
1956.736
112168 0.0000216617 0.0000152411 0.0000276782 41.3314000001 1.0000000000 true
112168 0.0000089910 0.0000082794 0.0000093367 45.1103000001 1.0000000000 true
14168 0.0000103087 0.0000018592 0.0000418365 35.5585000000 1.0000000000 true
2097400
637.610
718.837
3077.863
112168 0.0000260818 0.0000128886 0.0000351126 43.2241000001 1.0000000000 true
112168 0.0000132144 0.0000102487 0.0000145960 56.6613000002 1.0000000000 true
28176 0.0000071001 -0.0000600433 0.0000674657 57.9712000002 1.0000000000 true

100000 0.0010000000 0.0010000000
2092616
1139.504
1644.868
3756.484
160216 0.0000188666 0.0000127148 0.0000238820 52.4021000002 1.0000000000 true
160216 0.0000071003 0.0000065058 0.0000074006 51.7452000001 1.0000000000 true
20216 0.0000081947 0.0000016710 0.0000186956 43.5072000001 1.0000000000 true
2093576
657.500
872.363
3522.121
160216 0.0000227519 0.0000135155 0.0000308101 21.9672999999 1.0000000000 true
160216 0.0000105043 0.0000083374 0.0000116388 22.9108999999 1.0000000000 true
40224 0.0000047661 -0.0000364099 0.0000330569 24.8511999999 1.0000000000 true

