1000 0.1 0.1
20184
1.378
2.611
7.337
760 0.0447265974 0.0386392893 0.0541498723 0.1547000000 1.0000000000 true
760 0.0221219818 0.0210500770 0.0227699580 0.2810000000 1.0000000000 true
200 0.0239176052 0.0094013126 0.0432080528 0.1509000000 1.0000000000 true
20440
1.570
2.371
13.746
760 0.0255161924 0.0207025217 0.0322528128 0.1580000000 1.0000000000 true
760 0.0149479815 0.0124479137 0.0164080135 0.1407000000 1.0000000000 true
288 0.0122507949 0.0033660848 0.0326928239 0.1502000000 1.0000000000 true

1000 0.1000000000 0.0100000000
20264
2.533
4.464
14.121
1288 0.0130788292 0.0109989850 0.0156904952 0.1825000000 1.0000000000 true
1288 0.0054633377 0.0051637276 0.0056512767 0.1857000000 1.0000000000 true
308 0.0058554270 0.0027045176 0.0251164445 0.1899000000 1.0000000000 true
20408
2.078
3.466
23.209
1288 0.0120584728 0.0094859744 0.0152740633 0.2120000000 1.0000000000 true
1288 0.0062252756 0.0054591956 0.0067769325 0.2347000000 1.0000000000 true
456 0.0031988751 -0.0006036923 0.0155099144 0.2697000000 1.0000000000 true

1000 0.1000000000 0.0010000000
20648
2.378
5.017
16.469
1816 0.0068122034 0.0055761207 0.0081260323 0.2572000000 1.0000000000 true
1816 0.0026100481 0.0024340065 0.0027038480 0.2494000000 1.0000000000 true
416 0.0030140053 0.0015973168 0.0074161137 0.2653000000 1.0000000000 true
20504
2.514
4.603
31.764
1816 0.0077862297 0.0055813710 0.0097681271 0.2442000000 1.0000000000 true
1816 0.0036824285 0.0032201337 0.0040499150 0.2507000000 1.0000000000 true
624 0.0015412833 -0.0003872313 0.0089441688 0.2598000000 1.0000000000 true

1000 0.0100000000 0.1000000000
20376
1.512
2.627
7.732
6520 0.0003548226 0.0000000000 0.0008242298 0.1485000000 1.0000000000 true
6520 0.0001886741 0.0000000000 0.0002972841 0.1487000000 1.0000000000 true
920 0.0002168088 -0.0000944164 0.0011687221 0.1435000000 1.0000000000 true
20472
1.514
2.405
13.480
6520 0.0003676355 0.0000000000 0.0010175006 0.1419000000 1.0000000000 true
6520 0.0002835089 0.0000000000 0.0005644290 0.1429000000 1.0000000000 true
1728 0.0001599013 -0.0003973929 0.0018101030 0.1462000000 1.0000000000 true

1000 0.0100000000 0.0100000000
20536
1.774
3.700
12.527
11368 0.0002210615 0.0000000000 0.0005198373 0.2236000000 1.0000000000 true
11368 0.0001121235 0.0000000000 0.0001838208 0.3166000000 1.0000000000 true
1568 0.0001233661 -0.0000830158 0.0005050131 0.1913000000 1.0000000000 true
20408
1.926
3.397
23.480
11368 0.0002491313 0.0000000000 0.0007336936 0.2004000000 1.0000000000 true
11368 0.0001664347 0.0000000000 0.0003520335 0.2019000000 1.0000000000 true
2976 0.0000397621 -0.0006639840 0.0007807476 0.1910000000 1.0000000000 true

1000 0.0100000000 0.0010000000
20440
2.325
5.249
17.809
16216 0.0001700957 0.0000000000 0.0003416300 1.1692000000 1.0000000000 true
16216 0.0000733177 0.0000000000 0.0001398673 0.2242000000 1.0000000000 true
2216 0.0000858971 -0.0000562685 0.0004107598 1.0610000000 1.0000000000 true
20584
2.377
4.947
32.882
16216 0.0001686302 0.0000000000 0.0004697382 0.2690000000 1.0000000000 true
16216 0.0001122433 0.0000000000 0.0002632279 0.2905000000 1.0000000000 true
4224 0.0000105798 -0.0005039142 0.0002915867 0.4164000000 1.0000000000 true

1000 0.0010000000 0.1000000000
20232
1.627
2.584
8.213
64120 0.0000002638 0.0000000000 0.0000706545 0.1887000000 1.0000000000 true
64120 0.0000001334 0.0000000000 0.0000584259 0.1655000000 1.0000000000 true
8120 -0.0000145557 -0.0000754101 0.0001005468 0.1402000000 1.0000000000 true
20408
1.870
3.065
15.301
64120 0.0000016328 0.0000000000 0.0001365492 0.2166000000 1.0000000000 true
64120 0.0000081194 0.0000000000 0.0000741980 0.2178000000 1.0000000000 true
16128 -0.0000208629 -0.0001957829 0.0001689719 0.1645000000 1.0000000000 true

1000 0.0010000000 0.0100000000
20216
2.446
4.046
13.181
112168 0.0000000000 0.0000000000 0.0000000000 0.2990000000 1.0000000000 true
112168 0.0000000247 0.0000000000 0.0000494649 1.0446000000 1.0000000000 true
14168 -0.0000141464 -0.0000588868 0.0000370987 0.2076000000 1.0000000000 true
20376
2.745
4.768
25.030
112168 0.0000000145 0.0000000000 0.0000289962 0.2648000000 1.0000000000 true
112168 0.0000071120 0.0000000000 0.0000317317 0.2884000000 1.0000000000 true
28176 -0.0000280158 -0.0002429117 0.0000262607 0.1999000000 1.0000000000 true

1000 0.0010000000 0.0010000000
20312
3.168
6.379
19.420
160216 0.0000000000 0.0000000000 0.0000000000 0.3669000000 1.0000000000 true
160216 0.0000000000 0.0000000000 0.0000000000 0.3803000000 1.0000000000 true
20216 -0.0000140092 -0.0000540673 0.0000088379 0.2536000000 1.0000000000 true
20488
3.342
6.037
33.939
160216 0.0000000000 0.0000000000 0.0000000000 0.4611000000 1.0000000000 true
160216 0.0000063192 0.0000000000 0.0000262753 0.4234000000 1.0000000000 true
40224 -0.0000292237 -0.0002997332 0.0000097316 0.3568000000 1.0000000000 true

10000 0.1000000000 0.1000000000
202648
22.351
30.407
91.117
760 0.0156865386 0.0150078233 0.0169484082 2.2680000000 1.0000000000 true
760 0.0074251773 0.0073893644 0.0074454090 2.1994000000 1.0000000000 true
200 0.0087257425 0.0053180088 0.0214788430 1.7421000000 1.0000000000 true
203384
19.877
29.610
146.320
760 0.0146347719 0.0137740677 0.0160289459 1.9513000000 1.0000000000 true
760 0.0081910662 0.0080835858 0.0082728207 1.6803000000 1.0000000000 true
288 0.0046279165 -0.0000651278 0.0289149076 1.8094000000 1.0000000000 true

10000 0.1000000000 0.0100000000
203240
20.619
42.359
129.559
1288 0.0087634046 0.0082947653 0.0093491672 2.4649000000 1.0000000000 true
1288 0.0034020716 0.0033814158 0.0034128544 2.5053000000 1.0000000000 true
308 0.0038447264 0.0014934261 0.0121912902 2.4500000000 1.0000000000 true
202968
24.059
42.594
245.138
1288 0.0094087290 0.0088359989 0.0102770375 2.2094000000 1.0000000000 true
1288 0.0043895591 0.0043412740 0.0044316180 2.0873000000 1.0000000000 true
456 0.0026395019 -0.0000418232 0.0146312604 2.2002000000 1.0000000000 true

10000 0.1000000000 0.0010000000
203720
25.332
62.185
186.539
1816 0.0061605013 0.0059727761 0.0064758559 2.8825000000 1.0000000000 true
1816 0.0021393354 0.0021256418 0.0021467764 2.7965000000 1.0000000000 true
416 0.0023323217 0.0010428533 0.0084972513 2.9293000000 1.0000000000 true
203304
25.408
48.832
343.671
1816 0.0069834844 0.0066085067 0.0075091848 2.5810000000 1.0000000000 true
1816 0.0028923814 0.0028499944 0.0029207722 2.5984000000 1.0000000000 true
624 0.0014390753 -0.0018396713 0.0063317996 2.5165000000 1.0000000000 true

10000 0.0100000000 0.1000000000
203576
16.244
28.263
81.545
6520 0.0004354194 0.0003138536 0.0005690961 1.5401000000 1.0000000000 true
6520 0.0002162718 0.0001997160 0.0002234988 1.5009000000 1.0000000000 true
920 0.0002391984 0.0000878671 0.0008150841 1.4994000000 1.0000000000 true
202872
16.029
23.300
133.043
6520 0.0005031576 0.0003640702 0.0006817195 1.5551000000 1.0000000000 true
6520 0.0003002124 0.0002300825 0.0003351450 2.3992000000 1.0000000000 true
1728 0.0002055647 -0.0002044983 0.0013477015 1.7957000000 1.0000000000 true

10000 0.0100000000 0.0100000000
203400
20.879
42.539
134.833
11368 0.0003433904 0.0002577865 0.0004252507 4.2639000000 1.0000000000 true
11368 0.0001425751 0.0001332598 0.0001477340 1.9112000000 1.0000000000 true
1568 0.0001627068 0.0000706730 0.0006623366 2.3995000000 1.0000000000 true
203576
21.634
36.957
246.198
11368 0.0003957676 0.0002622646 0.0005216824 2.1547000000 1.0000000000 true
11368 0.0002021892 0.0001659865 0.0002224833 2.0859000000 1.0000000000 true
2976 0.0001111176 -0.0003186883 0.0005605878 2.0105000000 1.0000000000 true

10000 0.0100000000 0.0010000000
203496
24.860
54.599
181.945
16216 0.0002710897 0.0001797696 0.0003440817 2.5220000000 1.0000000000 true
16216 0.0001061474 0.0000979880 0.0001103813 2.5426000000 1.0000000000 true
2216 0.0001207573 0.0000599232 0.0002788471 3.3254000000 1.0000000000 true
203256
26.218
50.005
341.376
16216 0.0003305033 0.0002204869 0.0004219178 2.8282000000 1.0000000000 true
16216 0.0001488597 0.0000344882 0.0001644436 4.7206000000 1.0000000000 true
4224 0.0000656451 -0.0002724066 0.0004478464 2.4723000000 1.0000000000 true

10000 0.0010000000 0.1000000000
203560
21.552
35.772
89.878
64120 0.0000166420 0.0000000000 0.0000386143 1.6163000000 1.0000000000 true
64120 0.0000084581 0.0000000000 0.0000142449 1.7274000000 1.0000000000 true
8120 0.0000102765 -0.0000051800 0.0000602171 1.5962000000 1.0000000000 true
203592
18.585
25.662
151.579
64120 0.0000186643 0.0000000000 0.0000573561 2.1202000000 1.0000000000 true
64120 0.0000137951 0.0000000000 0.0000308882 3.0799000000 1.0000000000 true
16128 0.0000078790 -0.0000562101 0.0000907547 1.6944000000 1.0000000000 true

10000 0.0010000000 0.0100000000
203048
32.575
48.960
167.453
112168 0.0000119943 0.0000000000 0.0000297427 2.3790000000 1.0000000000 true
112168 0.0000058752 0.0000000000 0.0000099488 2.2814000000 1.0000000000 true
14168 0.0000061618 -0.0000047671 0.0000264782 2.0996000000 1.0000000000 true
203704
25.135
38.680
238.044
112168 0.0000126591 0.0000000000 0.0000364484 2.3331000000 1.0000000000 true
112168 0.0000090287 0.0000000000 0.0000207930 2.3626000000 1.0000000000 true
28176 0.0000026274 -0.0000614582 0.0000434279 2.6519000000 1.0000000000 true

10000 0.0010000000 0.0010000000
203448
35.208
67.924
205.070
160216 0.0000095000 0.0000000000 0.0000234621 2.8320000000 1.0000000000 true
160216 0.0000044094 0.0000000000 0.0000080521 2.8264000000 1.0000000000 true
20216 0.0000045505 -0.0000043037 0.0000236472 2.6631000000 1.0000000000 true
203560
36.829
58.190
387.574
160216 0.0000100768 0.0000000000 0.0000285980 2.7745000000 1.0000000000 true
160216 0.0000069378 0.0000000000 0.0000171763 4.9071000000 1.0000000000 true
40224 0.0000004705 -0.0000563242 0.0000251105 2.5119000000 1.0000000000 true

100000 0.1000000000 0.1000000000
2095832
384.014
380.975
936.783
760 0.0149570647 0.0146940699 0.0153930217 32.3606000000 1.0000000000 true
760 0.0069008623 0.0068975025 0.0069027614 37.8341000000 1.0000000000 true
200 0.0086296319 0.0039795844 0.0318750684 35.1949000000 1.0000000000 true
2095192
374.785
369.560
1844.880
760 0.0142080587 0.0138652565 0.0146403833 39.5684000000 1.0000000000 true
760 0.0077766878 0.0077671804 0.0077837632 31.1578999999 1.0000000000 true
288 0.0049457109 -0.0000062781 0.0219907856 31.3982999999 1.0000000000 true

100000 0.1000000000 0.0100000000
2095448
429.103
740.870
2054.149
1288 0.0087533556 0.0086657348 0.0089725022 58.8942000003 1.0000000000 true
1288 0.0033073664 0.0033054066 0.0033084337 38.3813000000 1.0000000000 true
308 0.0040628163 0.0011643202 0.0093356266 35.9633000000 1.0000000000 true
2092984
390.056
469.878
2655.448
1288 0.0092970149 0.0088696573 0.0097192808 39.5403000000 1.0000000000 true
1288 0.0042176234 0.0042128551 0.0042217787 35.5654000000 1.0000000000 true
456 0.0022619008 -0.0000042603 0.0132054848 42.3240000001 1.0000000000 true

100000 0.1000000000 0.0010000000
2094840
575.766
1094.770
3172.903
1816 0.0061802827 0.0060837783 0.0063144995 45.5094000001 1.0000000000 true
1816 0.0020895148 0.0020881571 0.0020902589 62.3782000002 1.0000000000 true
416 0.0022907879 0.0016476323 0.0065985210 54.7296000001 1.0000000000 true
2095080
496.445
750.856
5060.798
1816 0.0070500216 0.0069630219 0.0072173973 129.5420000003 1.0000000000 true
1816 0.0028194213 0.0028138322 0.0028221634 134.6877000004 1.0000000000 true
624 0.0015956254 -0.0014157161 0.0098885866 99.7825000002 1.0000000000 true

100000 0.0100000000 0.1000000000
2094376
503.968
705.317
1971.697
6520 0.0004690551 0.0004389002 0.0005148448 39.3750000001 1.0000000000 true
6520 0.0002175676 0.0002159711 0.0002181996 53.6672000002 1.0000000000 true
920 0.0002412447 0.0000782801 0.0012755168 45.3054000001 1.0000000000 true
2094136
495.032
498.847
2669.084
6520 0.0005483537 0.0004979568 0.0006130091 63.6404000001 1.0000000000 true
6520 0.0003044538 0.0002985432 0.0003079262 68.2916000001 1.0000000000 true
1728 0.0002166834 -0.0004259425 0.0010940523 51.3312000001 1.0000000000 true

100000 0.0100000000 0.0100000000
2093080
578.054
925.009
2669.982
11368 0.0003786591 0.0003567423 0.0004064690 39.6496000000 1.0000000000 true
11368 0.0001448996 0.0001439361 0.0001454117 35.7400000000 1.0000000000 true
1568 0.0001665998 0.0000638244 0.0005199169 35.8995000000 1.0000000000 true
2094968
461.244
537.413
2894.082
11368 0.0004508518 0.0003996694 0.0004961893 37.6593000000 1.0000000000 true
11368 0.0002006530 0.0001933842 0.0002028913 40.0691000001 1.0000000000 true
2976 0.0001252574 -0.0003546598 0.0008229019 35.0390000000 1.0000000000 true

100000 0.0100000000 0.0010000000
2093656
553.826
866.523
2387.311
16216 0.0003149479 0.0002892021 0.0003381760 40.3465000000 1.0000000000 true
16216 0.0001087857 0.0001080197 0.0001091782 44.0197000000 1.0000000000 true
2216 0.0001291841 0.0000538223 0.0004388760 46.8875000000 1.0000000000 true
2097576
600.927
819.768
5379.715
16216 0.0003703573 0.0002957366 0.0004172001 63.8373000001 1.0000000000 true
16216 0.0001567888 0.0001537668 0.0001584352 81.6702000002 1.0000000000 true
4224 0.0000673902 -0.0002032490 0.0003778973 92.8573000003 1.0000000000 true

100000 0.0010000000 0.1000000000
2096952
710.008
847.133
1722.690
64120 0.0000256021 0.0000164166 0.0000343572 32.9105000000 1.0000000000 true
64120 0.0000121339 0.0000011068 0.0000127659 34.7131000000 1.0000000000 true
8120 0.0000141108 0.0000021846 0.0000943679 32.9435000000 1.0000000000 true
2095416
490.116
456.973
1662.942
64120 0.0000304406 0.0000172069 0.0000437813 29.2290000000 1.0000000000 true
64120 0.0000184692 0.0000145543 0.0000204836 32.3623000000 1.0000000000 true
16128 0.0000125565 -0.0000345160 0.0000841836 28.1326000000 1.0000000000 true

100000 0.0010000000 0.0100000000
2094168
887.424
1261.888
2674.637
112168 0.0000217070 0.0000153290 0.0000277423 41.2315000000 1.0000000000 true
112168 0.0000090294 0.0000083436 0.0000094108 49.2322000001 1.0000000000 true
14168 0.0000103041 0.0000019046 0.0000418253 37.9772000001 1.0000000000 true
2093656
681.407
851.560
3211.271
112168 0.0000256037 0.0000132452 0.0000355613 18.1915000000 1.0000000000 true
112168 0.0000132006 0.0000105627 0.0000145936 20.5538000000 1.0000000000 true
28176 0.0000069510 -0.0000697693 0.0000367232 18.6344000000 1.0000000000 true

100000 0.0010000000 0.0010000000
2094760
362.629
630.034
1703.902
160216 0.0000190109 0.0000128056 0.0000238040 20.7336999999 1.0000000000 true
160216 0.0000071932 0.0000065854 0.0000075118 20.3780999999 1.0000000000 true
20216 0.0000081567 0.0000017114 0.0000186882 20.1912999999 1.0000000000 true
2096856
383.774
541.648
3006.560
160216 0.0000218116 0.0000093249 0.0000306340 21.2479999999 1.0000000000 true
160216 0.0000105499 0.0000082319 0.0000116314 20.4042999999 1.0000000000 true
40224 0.0000045822 -0.0000539741 0.0000308448 20.0536999999 1.0000000000 true

