1000 0.1 0.1
20664
1.392
2.613
7.108
760 0.0440410509 0.0297344570 0.0547185562 0.1710000000 1.0000000000 true
760 0.0220284396 0.0210188424 0.0227281762 0.1650000000 1.0000000000 true
200 0.0266378130 0.0088746224 0.0814020512 0.1495000000 1.0000000000 true
20280
1.632
2.347
13.441
760 0.0251036816 0.0209468920 0.0318870615 0.1457000000 1.0000000000 true
760 0.0149372289 0.0127642447 0.0164594957 0.1420000000 1.0000000000 true
288 0.0082432525 -0.0362245925 0.0657694729 0.1439000000 1.0000000000 true

1000 0.1000000000 0.0100000000
20504
2.044
4.267
13.792
1288 0.0124661616 0.0102644268 0.0154881529 0.1938000000 1.0000000000 true
1288 0.0053993622 0.0050947082 0.0055717745 0.1969000000 1.0000000000 true
308 0.0063730823 0.0026763720 0.0122867079 0.2027000000 1.0000000000 true
20424
1.959
3.463
23.595
1288 0.0115370258 0.0093358005 0.0151752480 0.1864000000 1.0000000000 true
1288 0.0059804371 0.0049852615 0.0065344149 0.2003000000 1.0000000000 true
456 0.0035188518 -0.0005723261 0.0161606816 0.4978000000 1.0000000000 true

1000 0.1000000000 0.0010000000
20392
2.251
5.069
17.220
1816 0.0070306197 0.0058290144 0.0088033292 0.3163000000 1.0000000000 true
1816 0.0027488438 0.0025619098 0.0028475583 0.4347000000 1.0000000000 true
416 0.0032460146 0.0015692814 0.0073108159 0.2861000000 1.0000000000 true
20312
4.204
4.788
30.572
1816 0.0072284425 0.0048698644 0.0090826256 0.2394000000 1.0000000000 true
1816 0.0035103509 0.0030577199 0.0038345619 0.2529000000 1.0000000000 true
624 0.0005979810 -0.0093308646 0.0104669229 0.2549000000 1.0000000000 true

1000 0.0100000000 0.1000000000
20424
1.416
2.459
7.601
6520 0.0003900243 0.0000000000 0.0008741573 0.1788000000 1.0000000000 true
6520 0.0001790105 0.0000000000 0.0002841011 0.1477000000 1.0000000000 true
920 0.0002227332 -0.0000745605 0.0012366755 0.1376000000 1.0000000000 true
20344
1.446
2.236
13.319
6520 0.0003864400 0.0000000000 0.0010143916 0.1553000000 1.0000000000 true
6520 0.0002798223 0.0000000000 0.0005747853 0.1641000000 1.0000000000 true
1728 0.0001556412 -0.0008154697 0.0010550552 0.1562000000 1.0000000000 true

1000 0.0100000000 0.0100000000
20632
1.945
3.985
13.136
11368 0.0002358647 0.0000000000 0.0004884485 0.1925000000 1.0000000000 true
11368 0.0001165821 0.0000000000 0.0001906140 0.1979000000 1.0000000000 true
1568 0.0001261522 -0.0000893503 0.0005073113 0.1856000000 1.0000000000 true
20376
1.926
3.447
23.165
11368 0.0002390356 0.0000000000 0.0006642880 0.2227000000 1.0000000000 true
11368 0.0001634954 0.0000000000 0.0003290726 0.2107000000 1.0000000000 true
2976 0.0000512908 -0.0006563902 0.0006528801 0.2043000000 1.0000000000 true

1000 0.0100000000 0.0010000000
20504
2.136
4.685
16.856
16216 0.0001671493 0.0000000000 0.0003776444 0.2644000000 1.0000000000 true
16216 0.0000751311 0.0000000000 0.0001329049 0.2372000000 1.0000000000 true
2216 0.0000756163 -0.0000664525 0.0003468494 0.2438000000 1.0000000000 true
20568
2.563
4.782
34.312
16216 0.0001602540 0.0000000000 0.0004566401 0.2656000000 1.0000000000 true
16216 0.0001190436 0.0000000000 0.0002726647 0.2436000000 1.0000000000 true
4224 0.0000036381 -0.0009323374 0.0004163268 0.2329000000 1.0000000000 true

1000 0.0010000000 0.1000000000
20536
1.674
2.582
7.900
64120 0.0000015667 0.0000000000 0.0000864553 0.1689000000 1.0000000000 true
64120 0.0000000295 0.0000000000 0.0000562645 0.1978000000 1.0000000000 true
8120 -0.0000108180 -0.0000686153 0.0001241937 0.1554000000 1.0000000000 true
20360
1.861
2.645
15.413
64120 0.0000001740 0.0000000000 0.0000703979 0.2096000000 1.0000000000 true
64120 0.0000083653 0.0000000000 0.0000886259 0.2302000000 1.0000000000 true
16128 -0.0000266876 -0.0002262789 0.0000766834 0.1897000000 1.0000000000 true

1000 0.0010000000 0.0100000000
20296
2.944
5.052
14.761
112168 0.0000000000 0.0000000000 0.0000000000 0.3027000000 1.0000000000 true
112168 0.0000000000 0.0000000000 0.0000000000 0.2123000000 1.0000000000 true
14168 -0.0000151349 -0.0000663365 0.0000236916 0.2276000000 1.0000000000 true
20344
2.605
4.313
25.238
112168 0.0000000260 0.0000000000 0.0000509525 0.2999000000 1.0000000000 true
112168 0.0000071369 0.0000000000 0.0000290374 0.2785000000 1.0000000000 true
28176 -0.0000291979 -0.0001720331 0.0000257502 0.2059000000 1.0000000000 true

1000 0.0010000000 0.0010000000
20616
2.843
5.963
19.069
160216 0.0000000000 0.0000000000 0.0000000000 0.2789000000 1.0000000000 true
160216 0.0000000000 0.0000000000 0.0000000000 1.5789000000 1.0000000000 true
20216 -0.0000141825 -0.0000566865 0.0000208024 0.2995000000 1.0000000000 true
20520
3.083
5.352
34.069
160216 0.0000000000 0.0000000000 0.0000000000 0.3205000000 1.0000000000 true
160216 0.0000063559 0.0000000000 0.0000272392 0.2901000000 1.0000000000 true
40224 -0.0000268125 -0.0002276415 0.0000048641 0.2588000000 1.0000000000 true

10000 0.1000000000 0.1000000000
203256
20.158
33.091
85.665
760 0.0155489291 0.0145402248 0.0168842102 2.0717000000 1.0000000000 true
760 0.0073352489 0.0072989549 0.0073553213 2.1660000000 1.0000000000 true
200 0.0089889195 0.0053508528 0.0216021771 2.2203000000 1.0000000000 true
203176
19.005
29.376
147.405
760 0.0147575863 0.0139915603 0.0160588074 1.8523000000 1.0000000000 true
760 0.0082147643 0.0081252833 0.0082937019 1.5318000000 1.0000000000 true
288 0.0076609360 0.0027482441 0.0281185878 1.5568000000 1.0000000000 true

10000 0.1000000000 0.0100000000
202856
23.076
45.600
141.867
1288 0.0088231993 0.0083820341 0.0093947466 2.2317000000 1.0000000000 true
1288 0.0034293601 0.0034091791 0.0034397882 2.2229000000 1.0000000000 true
308 0.0038216735 0.0015032042 0.0122314987 2.6094000000 1.0000000000 true
203352
22.850
41.508
249.218
1288 0.0093596157 0.0089496345 0.0101427893 2.3421000000 1.0000000000 true
1288 0.0043394201 0.0042774803 0.0043821377 2.4781000000 1.0000000000 true
456 0.0014522308 -0.0024966567 0.0091990755 2.1585000000 1.0000000000 true

10000 0.1000000000 0.0010000000
203640
27.327
60.564
200.803
1816 0.0061042783 0.0055216904 0.0064789503 2.6582000000 1.0000000000 true
1816 0.0021411444 0.0021283023 0.0021485197 2.6760000000 1.0000000000 true
416 0.0025321064 0.0010490860 0.0085360353 2.7560000000 1.0000000000 true
203640
29.986
49.525
350.269
1816 0.0069409260 0.0065012924 0.0075661908 2.6271000000 1.0000000000 true
1816 0.0029000573 0.0028641024 0.0029247759 2.8210000000 1.0000000000 true
624 0.0014251508 -0.0000312258 0.0063722777 2.5418000000 1.0000000000 true

10000 0.0100000000 0.1000000000
203112
17.168
28.837
82.440
6520 0.0004356169 0.0003150736 0.0005569371 1.5168000000 1.0000000000 true
6520 0.0002153494 0.0002020036 0.0002219336 1.4822000000 1.0000000000 true
920 0.0002495714 0.0000878320 0.0008203330 1.8238000000 1.0000000000 true
203288
16.024
23.924
134.876
6520 0.0004886241 0.0001966862 0.0006988375 1.6454000000 1.0000000000 true
6520 0.0003025978 0.0002566472 0.0003307583 1.5831000000 1.0000000000 true
1728 0.0002190250 -0.0001130238 0.0013584085 1.6324000000 1.0000000000 true

10000 0.0100000000 0.0100000000
203032
20.805
42.116
135.634
11368 0.0003424867 0.0002425212 0.0004330909 2.3183000000 1.0000000000 true
11368 0.0001429922 0.0001334964 0.0001482932 3.2514000000 1.0000000000 true
1568 0.0001645988 0.0000717889 0.0006659373 2.3493000000 1.0000000000 true
202712
26.883
36.584
237.787
11368 0.0003985635 0.0002974578 0.0005318719 1.8672000000 1.0000000000 true
11368 0.0002024028 0.0001606551 0.0002224512 2.8567000000 1.0000000000 true
2976 0.0001187311 -0.0001696089 0.0005260739 1.8791000000 1.0000000000 true

10000 0.0100000000 0.0010000000
203928
25.990
57.220
185.546
16216 0.0002775196 0.0001804591 0.0003471632 2.6093000000 1.0000000000 true
16216 0.0001069708 0.0000999813 0.0001111360 2.5831000000 1.0000000000 true
2216 0.0001237596 0.0000600846 0.0002802352 3.0813000000 1.0000000000 true
203608
25.723
48.762
335.347
16216 0.0003137892 0.0000757050 0.0004321702 2.5093000000 1.0000000000 true
16216 0.0001546144 0.0001147482 0.0001700855 2.3304000000 1.0000000000 true
4224 0.0000704763 -0.0004029661 0.0004492163 2.6488000000 1.0000000000 true

10000 0.0010000000 0.1000000000
202664
18.085
30.257
88.741
64120 0.0000164055 0.0000000000 0.0000433238 1.6192000000 1.0000000000 true
64120 0.0000089950 0.0000000000 0.0000148151 1.9612000000 1.0000000000 true
8120 0.0000099974 -0.0000056073 0.0000603817 1.4470000000 1.0000000000 true
203192
18.682
26.071
147.000
64120 0.0000203574 0.0000000000 0.0000637157 1.7155000000 1.0000000000 true
64120 0.0000137826 0.0000000000 0.0000309555 2.1348000000 1.0000000000 true
16128 0.0000097923 -0.0000418391 0.0001028202 1.7117000000 1.0000000000 true

10000 0.0010000000 0.0100000000
203688
25.305
48.586
140.177
112168 0.0000120730 0.0000000000 0.0000292161 2.2435000000 1.0000000000 true
112168 0.0000059634 0.0000000000 0.0000103268 2.1823000000 1.0000000000 true
14168 0.0000063896 -0.0000049818 0.0000265176 2.0958000000 1.0000000000 true
203448
28.719
42.510
258.961
112168 0.0000133646 0.0000000000 0.0000391562 2.2510000000 1.0000000000 true
112168 0.0000090799 0.0000000000 0.0000209124 2.7580000000 1.0000000000 true
28176 0.0000025320 -0.0000475502 0.0000434745 4.5384000000 1.0000000000 true

10000 0.0010000000 0.0010000000
203640
38.505
75.404
217.203
160216 0.0000101480 0.0000000000 0.0000229143 2.7530000000 1.0000000000 true
160216 0.0000044833 0.0000000000 0.0000083325 2.8976000000 1.0000000000 true
20216 0.0000046941 -0.0000040274 0.0000236550 2.6676000000 1.0000000000 true
203064
40.735
62.117
386.333
160216 0.0000098127 0.0000000000 0.0000301738 3.3071000000 1.0000000000 true
160216 0.0000072396 0.0000000000 0.0000163950 3.8687000000 1.0000000000 true
40224 0.0000005118 -0.0000762194 0.0000334877 7.7632000000 1.0000000000 true

100000 0.1000000000 0.1000000000
2095528
361.760
396.394
914.047
760 0.0150047546 0.0148294719 0.0153721859 35.6180000000 1.0000000000 true
760 0.0069175341 0.0069135952 0.0069194582 44.1571000001 1.0000000000 true
200 0.0072698541 0.0039771984 0.0318542544 55.5222000001 1.0000000000 true
2095656
653.958
813.258
4655.530
760 0.0141706555 0.0138805726 0.0146711860 79.6288000002 1.0000000000 true
760 0.0077748687 0.0077657949 0.0077819387 47.1569000001 1.0000000000 true
288 0.0069021582 -0.0000063839 0.0212734588 73.2622000001 1.0000000000 true

100000 0.1000000000 0.0100000000
2094424
478.270
834.618
2536.498
1288 0.0087868314 0.0086848288 0.0089787775 36.1634000000 1.0000000000 true
1288 0.0033131246 0.0033110411 0.0033141901 46.5902000001 1.0000000000 true
308 0.0037376875 0.0023291188 0.0186534458 50.4671000001 1.0000000000 true
2095800
429.273
541.591
3116.378
1288 0.0093954414 0.0092047960 0.0096928998 35.9364000000 1.0000000000 true
1288 0.0042197519 0.0042141604 0.0042233954 35.1669000000 1.0000000000 true
456 0.0026060814 -0.0000041860 0.0131980784 38.2775000000 1.0000000000 true

100000 0.1000000000 0.0010000000
2094936
433.420
790.031
2029.206
1816 0.0061600343 0.0060742395 0.0062999127 55.4920000001 1.0000000000 true
1816 0.0020845094 0.0020830764 0.0020852406 41.1847000000 1.0000000000 true
416 0.0026820469 0.0016473201 0.0065970187 55.7244000000 1.0000000000 true
2094776
474.835
693.160
3996.635
1816 0.0070328526 0.0069633807 0.0072136025 48.1997000001 1.0000000000 true
1816 0.0028118801 0.0028079447 0.0028147252 34.3169000000 1.0000000000 true
624 0.0011490190 -0.0056548154 0.0098905505 37.0787000000 1.0000000000 true

100000 0.0100000000 0.1000000000
2092440
368.787
440.515
991.848
6520 0.0004688782 0.0004329949 0.0005113735 34.7068000000 1.0000000000 true
6520 0.0002179062 0.0002166532 0.0002185413 30.9270999999 1.0000000000 true
920 0.0002366591 0.0000783007 0.0012756939 41.1687000000 1.0000000000 true
2094536
440.040
531.095
2975.219
6520 0.0005486212 0.0004843226 0.0006102926 49.0375000001 1.0000000000 true
6520 0.0003050526 0.0002995332 0.0003085021 34.6116000000 1.0000000000 true
1728 0.0002135796 -0.0004257703 0.0010939862 31.3132000000 1.0000000000 true

100000 0.0100000000 0.0100000000
2096152
423.750
649.196
1630.991
11368 0.0003770270 0.0003506716 0.0004102792 38.7533000000 1.0000000000 true
11368 0.0001446286 0.0001436993 0.0001451194 37.8448000000 1.0000000000 true
1568 0.0001615517 0.0000638126 0.0005199499 39.2114000000 1.0000000000 true
2096584
430.499
523.295
3206.721
11368 0.0004519098 0.0004185542 0.0004945859 43.1709000001 1.0000000000 true
11368 0.0002065228 0.0002028873 0.0002087210 49.1128000001 1.0000000000 true
2976 0.0001128730 -0.0007074687 0.0008229440 54.3841000001 1.0000000000 true

100000 0.0100000000 0.0010000000
2095240
477.907
827.948
2315.539
16216 0.0003173439 0.0003013973 0.0003411493 38.7494000000 1.0000000000 true
16216 0.0001091503 0.0001083153 0.0001095607 50.9558000001 1.0000000000 true
2216 0.0001236454 0.0000538463 0.0004387984 50.1187000001 1.0000000000 true
2093896
464.673
661.138
4028.852
16216 0.0003834906 0.0003471089 0.0004177948 42.9176000000 1.0000000000 true
16216 0.0001575769 0.0001547748 0.0001592814 40.7190000000 1.0000000000 true
4224 0.0000633783 -0.0004045885 0.0003777454 39.8758000000 1.0000000000 true

100000 0.0010000000 0.1000000000
2096168
412.232
538.999
1048.774
64120 0.0000256036 0.0000183564 0.0000330056 38.4654000000 1.0000000000 true
64120 0.0000125123 0.0000111621 0.0000129636 43.7624000000 1.0000000000 true
8120 0.0000141872 0.0000050568 0.0000943306 41.4435000001 1.0000000000 true
2094264
546.582
544.653
1819.322
64120 0.0000307814 0.0000188072 0.0000451739 26.2240000000 1.0000000000 true
64120 0.0000185087 0.0000145006 0.0000205492 27.2143000000 1.0000000000 true
16128 0.0000122789 -0.0000234848 0.0000853369 25.1690000000 1.0000000000 true

100000 0.0010000000 0.0100000000
2096952
597.675
825.581
1743.131
112168 0.0000216051 0.0000142170 0.0000275818 57.3115000001 1.0000000000 true
112168 0.0000090113 0.0000083536 0.0000093794 42.1257000000 1.0000000000 true
14168 0.0000102630 0.0000018932 0.0000417988 44.5867000001 1.0000000000 true
2094424
967.401
1046.594
3618.036
112168 0.0000260494 0.0000144662 0.0000355085 40.9786000001 1.0000000000 true
112168 0.0000131979 0.0000102989 0.0000146239 44.9506000001 1.0000000000 true
28176 0.0000069224 -0.0000598960 0.0000722451 39.8855000000 1.0000000000 true

100000 0.0010000000 0.0010000000
2094824
746.668
1079.776
2354.167
160216 0.0000188606 0.0000131735 0.0000244995 65.0842000001 1.0000000000 true
160216 0.0000071644 0.0000064909 0.0000074899 65.0877000002 1.0000000000 true
20216 0.0000082658 0.0000017288 0.0000369203 34.9328000000 1.0000000000 true
2095192
960.641
1262.516
5029.048
160216 0.0000216900 0.0000000000 0.0000305882 33.8675000000 1.0000000000 true
160216 0.0000105419 0.0000081921 0.0000116453 33.1949999999 1.0000000000 true
40224 0.0000046331 -0.0000539390 0.0000308247 30.9014999999 1.0000000000 true

