1000 0.1 0.1
20456
1.609
2.836
7.519
760 0.0427147446 0.0331268380 0.0568855921 0.1553000000 1.0000000000 true
760 0.0221459309 0.0210908209 0.0228088082 0.1461000000 1.0000000000 true
200 0.0259997031 0.0089335341 0.0827766718 0.1454000000 1.0000000000 true
20408
1.607
2.347
13.298
760 0.0247505852 0.0197845056 0.0337318072 0.1756000000 1.0000000000 true
760 0.0148123766 0.0130562240 0.0162976802 0.1428000000 1.0000000000 true
288 0.0129130021 -0.0011407515 0.0661205408 0.1608000000 1.0000000000 true

1000 0.1000000000 0.0100000000
20408
1.889
4.072
12.677
1288 0.0129182301 0.0111712299 0.0155202886 0.2067000000 1.0000000000 true
1288 0.0053593689 0.0050638485 0.0055524390 0.2090000000 1.0000000000 true
308 0.0058821256 0.0026812158 0.0123504823 0.1898000000 1.0000000000 true
20552
2.070
3.842
25.167
1288 0.0108183608 0.0031619580 0.0155590808 0.2112000000 1.0000000000 true
1288 0.0063392911 0.0056106923 0.0068923335 0.2044000000 1.0000000000 true
456 0.0035547078 -0.0005705789 0.0153753717 0.8981000000 1.0000000000 true

1000 0.1000000000 0.0010000000
20392
2.359
5.364
27.701
1816 0.0073842738 0.0064231061 0.0088015068 0.2480000000 1.0000000000 true
1816 0.0028381377 0.0026507774 0.0029445170 0.2653000000 1.0000000000 true
416 0.0032485715 0.0006960739 0.0072900830 0.2330000000 1.0000000000 true
20456
2.419
4.480
32.264
1816 0.0078967089 0.0062756668 0.0100088914 0.2455000000 1.0000000000 true
1816 0.0036266597 0.0031744618 0.0038941023 0.2488000000 1.0000000000 true
624 0.0014033965 -0.0018342931 0.0102961730 0.2291000000 1.0000000000 true

1000 0.0100000000 0.1000000000
20328
1.451
2.664
7.764
6520 0.0003419253 0.0000000000 0.0008330615 0.1519000000 1.0000000000 true
6520 0.0001791741 0.0000000000 0.0002907499 0.2271000000 1.0000000000 true
920 0.0002014433 -0.0000922815 0.0012932048 0.1430000000 1.0000000000 true
20344
1.525
2.310
13.638
6520 0.0003571452 0.0000000000 0.0009341571 0.1620000000 1.0000000000 true
6520 0.0002730367 0.0000000000 0.0005646124 0.1757000000 1.0000000000 true
1728 0.0001194544 -0.0008160328 0.0018412215 0.2134000000 1.0000000000 true

1000 0.0100000000 0.0100000000
20344
1.974
3.811
13.066
11368 0.0002338412 0.0000000000 0.0005066531 0.2017000000 1.0000000000 true
11368 0.0001121470 0.0000000000 0.0001959973 0.1849000000 1.0000000000 true
1568 0.0001211217 -0.0000656591 0.0005007732 0.2004000000 1.0000000000 true
20456
2.286
3.668
23.009
11368 0.0002339042 0.0000000000 0.0006282320 0.1935000000 1.0000000000 true
11368 0.0001617797 0.0000000000 0.0003677667 0.1910000000 1.0000000000 true
2976 0.0000470843 -0.0006481347 0.0007753387 0.1894000000 1.0000000000 true

1000 0.0100000000 0.0010000000
20408
2.368
5.144
17.744
16216 0.0001612959 0.0000000000 0.0003677779 0.2219000000 1.0000000000 true
16216 0.0000800484 0.0000000000 0.0001375169 0.2599000000 1.0000000000 true
2216 0.0000747834 -0.0000623623 0.0003302006 0.2479000000 1.0000000000 true
20456
2.319
4.435
32.607
16216 0.0001603943 0.0000000000 0.0004711803 0.2503000000 1.0000000000 true
16216 0.0001143807 0.0000000000 0.0002601609 0.2510000000 1.0000000000 true
4224 0.0000072664 -0.0007356772 0.0005195991 0.2289000000 1.0000000000 true

1000 0.0010000000 0.1000000000
20328
1.762
2.504
8.065
64120 0.0000000000 0.0000000000 0.0000000000 0.2390000000 1.0000000000 true
64120 0.0000005468 0.0000000000 0.0000709569 0.2223000000 1.0000000000 true
8120 -0.0000121735 -0.0000662265 0.0000432499 0.1401000000 1.0000000000 true
20536
1.810
3.165
15.067
64120 0.0000010308 0.0000000000 0.0001148019 0.1908000000 1.0000000000 true
64120 0.0000082014 0.0000000000 0.0001110786 0.1996000000 1.0000000000 true
16128 -0.0000254026 -0.0001985763 0.0000403358 0.1525000000 1.0000000000 true

1000 0.0010000000 0.0100000000
20312
2.991
4.690
14.373
112168 0.0000000000 0.0000000000 0.0000000000 0.2980000000 1.0000000000 true
112168 0.0000000000 0.0000000000 0.0000000000 0.4450000000 1.0000000000 true
14168 -0.0000152217 -0.0000603071 0.0000204927 0.2051000000 1.0000000000 true
20184
2.118
3.692
25.026
112168 0.0000000000 0.0000000000 0.0000000000 0.3031000000 1.0000000000 true
112168 0.0000069954 0.0000000000 0.0000320479 0.2924000000 1.0000000000 true
28176 -0.0000267344 -0.0002411742 0.0000820210 0.2205000000 1.0000000000 true

1000 0.0010000000 0.0010000000
20520
3.489
6.553
19.409
160216 0.0000000000 0.0000000000 0.0000000000 0.2859000000 1.0000000000 true
160216 0.0000000000 0.0000000000 0.0000000000 0.4084000000 1.0000000000 true
20216 -0.0000142957 -0.0000551668 0.0000164985 0.2846000000 1.0000000000 true
20344
2.683
5.043
33.462
160216 0.0000000000 0.0000000000 0.0000000000 0.3229000000 1.0000000000 true
160216 0.0000062930 0.0000000000 0.0000255383 0.3305000000 1.0000000000 true
40224 -0.0000285407 -0.0002250263 0.0000028911 0.2914000000 1.0000000000 true

10000 0.1000000000 0.1000000000
203144
21.010
32.528
91.123
760 0.0157148997 0.0147044559 0.0169934215 1.6525000000 1.0000000000 true
760 0.0073875855 0.0073535300 0.0074082151 1.8227000000 1.0000000000 true
200 0.0090204841 0.0026213083 0.0213321051 2.5910000000 1.0000000000 true
203240
17.521
26.900
141.550
760 0.0144142438 0.0134076491 0.0157255207 1.6432000000 1.0000000000 true
760 0.0081029411 0.0079819086 0.0081680848 1.5516000000 1.0000000000 true
288 0.0044312304 -0.0037931705 0.0279674060 1.9385000000 1.0000000000 true

10000 0.1000000000 0.0100000000
203112
21.748
44.795
135.210
1288 0.0088481040 0.0084290753 0.0094865101 3.1031000000 1.0000000000 true
1288 0.0034470380 0.0034253546 0.0034587239 2.1051000000 1.0000000000 true
308 0.0038323618 0.0014929037 0.0121491917 2.1630000000 1.0000000000 true
203448
30.404
38.649
255.040
1288 0.0094782486 0.0090688983 0.0102641451 2.4073000000 1.0000000000 true
1288 0.0043777471 0.0043163833 0.0044216718 2.1567000000 1.0000000000 true
456 0.0022537187 -0.0000422637 0.0170075023 2.1378000000 1.0000000000 true

10000 0.1000000000 0.0010000000
203256
32.556
68.088
206.798
1816 0.0061228431 0.0058936843 0.0065788913 2.6495000000 1.0000000000 true
1816 0.0021379941 0.0021240771 0.0021461639 2.7190000000 1.0000000000 true
416 0.0022990621 0.0010389830 0.0084646636 2.7743000000 1.0000000000 true
203368
26.256
56.118
356.002
1816 0.0068408246 0.0063805781 0.0073770920 2.5570000000 1.0000000000 true
1816 0.0028625583 0.0028195047 0.0028845643 2.5221000000 1.0000000000 true
624 0.0013810442 -0.0000323092 0.0063233478 3.1722000000 1.0000000000 true

10000 0.0100000000 0.1000000000
203272
16.716
28.553
84.928
6520 0.0004338130 0.0003312011 0.0005481229 1.6169000000 1.0000000000 true
6520 0.0002140101 0.0002029974 0.0002209997 1.8637000000 1.0000000000 true
920 0.0002452648 0.0000379936 0.0008146752 1.5047000000 1.0000000000 true
202920
18.152
26.921
144.698
6520 0.0005009918 0.0003393635 0.0006847887 1.8307000000 1.0000000000 true
6520 0.0003013477 0.0002405326 0.0003316328 1.5043000000 1.0000000000 true
1728 0.0002012303 -0.0003822342 0.0013361945 1.5209000000 1.0000000000 true

10000 0.0100000000 0.0100000000
202968
22.107
42.443
131.340
11368 0.0003426299 0.0002399362 0.0004392230 2.2641000000 1.0000000000 true
11368 0.0001417509 0.0001321306 0.0001467579 2.3300000000 1.0000000000 true
1568 0.0001609333 0.0000704696 0.0006619458 2.1193000000 1.0000000000 true
203288
20.397
35.914
237.303
11368 0.0003986961 0.0002751268 0.0005450006 2.1663000000 1.0000000000 true
11368 0.0002017882 0.0001665644 0.0002225237 2.1485000000 1.0000000000 true
2976 0.0001175167 -0.0003181723 0.0005603219 2.0480000000 1.0000000000 true

10000 0.0100000000 0.0010000000
203976
26.265
53.876
187.849
16216 0.0002806465 0.0002059970 0.0003482023 2.6114000000 1.0000000000 true
16216 0.0001009984 0.0000459736 0.0001064329 2.5356000000 1.0000000000 true
2216 0.0001186097 0.0000595072 0.0002784938 2.5730000000 1.0000000000 true
202680
26.019
47.355
334.744
16216 0.0003276803 0.0002349381 0.0004284018 3.7269000000 1.0000000000 true
16216 0.0001532050 0.0001246101 0.0001688910 7.9674000000 1.0000000000 true
4224 0.0000672409 -0.0002729822 0.0004470497 2.8791000000 1.0000000000 true

10000 0.0010000000 0.1000000000
203736
22.610
30.859
86.662
64120 0.0000168894 0.0000000000 0.0000410557 1.9491000000 1.0000000000 true
64120 0.0000089632 0.0000000000 0.0000145663 1.7623000000 1.0000000000 true
8120 0.0000100383 -0.0000051687 0.0000600859 2.0887000000 1.0000000000 true
202808
18.551
26.656
143.754
64120 0.0000193867 0.0000000000 0.0000689036 2.4354000000 1.0000000000 true
64120 0.0000138871 0.0000000000 0.0000326815 1.8994000000 1.0000000000 true
16128 0.0000072377 -0.0000696661 0.0001045809 2.0608000000 1.0000000000 true

10000 0.0010000000 0.0100000000
203576
25.389
43.080
134.839
112168 0.0000120020 0.0000000000 0.0000311825 2.4254000000 1.0000000000 true
112168 0.0000059459 0.0000000000 0.0000101356 2.3016000000 1.0000000000 true
14168 0.0000065646 -0.0000047058 0.0000466962 2.2185000000 1.0000000000 true
203640
29.984
42.533
264.504
112168 0.0000131481 0.0000000000 0.0000372984 2.2914000000 1.0000000000 true
112168 0.0000087079 0.0000000000 0.0000200763 2.2020000000 1.0000000000 true
28176 0.0000030112 -0.0000494893 0.0000433454 1.9607000000 1.0000000000 true

10000 0.0010000000 0.0010000000
203272
35.515
65.691
217.646
160216 0.0000098139 0.0000000000 0.0000228518 2.7929000000 1.0000000000 true
160216 0.0000043370 0.0000000000 0.0000083559 2.8846000000 1.0000000000 true
20216 0.0000046474 -0.0000041087 0.0000235904 2.7677000000 1.0000000000 true
202760
38.728
59.482
361.881
160216 0.0000104695 0.0000000000 0.0000328849 3.1286000000 1.0000000000 true
160216 0.0000065557 0.0000000000 0.0000150940 3.8976000000 1.0000000000 true
40224 0.0000003006 -0.0000879975 0.0000321454 2.7413000000 1.0000000000 true

100000 0.1000000000 0.1000000000
2094840
383.688
421.148
976.795
760 0.0149499787 0.0147545965 0.0153792050 28.8203000000 1.0000000000 true
760 0.0068972591 0.0068937236 0.0068991549 30.4134000000 1.0000000000 true
200 0.0079239308 0.0039723400 0.0318168005 29.4301000000 1.0000000000 true
2093864
332.348
412.465
1845.359
760 0.0141886894 0.0139294990 0.0146923521 29.5611000000 1.0000000000 true
760 0.0077766951 0.0077668227 0.0077831203 40.7741000001 1.0000000000 true
288 0.0059592588 -0.0000063980 0.0439130860 39.8652000000 1.0000000000 true

100000 0.1000000000 0.0100000000
2096024
431.970
710.289
1994.476
1288 0.0087453983 0.0086343312 0.0089680932 32.4023000000 1.0000000000 true
1288 0.0033070625 0.0033050710 0.0033081642 37.7920000000 1.0000000000 true
308 0.0037590397 0.0011620964 0.0093202189 40.5041000000 1.0000000000 true
2093800
383.187
503.869
2884.801
1288 0.0093959039 0.0092514864 0.0096863930 37.0742000000 1.0000000000 true
1288 0.0042033011 0.0041976368 0.0042075998 47.5843000000 1.0000000000 true
456 0.0016020902 -0.0037728945 0.0131905888 45.2417000001 1.0000000000 true

100000 0.1000000000 0.0010000000
2094152
523.834
869.490
2367.359
1816 0.0061638423 0.0061005515 0.0062837435 83.0578000001 1.0000000000 true
1816 0.0020826910 0.0020813328 0.0020834333 63.3676000001 1.0000000000 true
416 0.0026958310 0.0016466150 0.0065942455 62.6760000001 1.0000000000 true
2092792
497.748
773.303
4383.925
1816 0.0070288778 0.0069105754 0.0072137902 55.1346000000 1.0000000000 true
1816 0.0028111333 0.0028072778 0.0028140013 53.3186000000 1.0000000000 true
624 0.0011292856 -0.0000031678 0.0098859623 46.2578000000 1.0000000000 true

100000 0.0100000000 0.1000000000
2094216
387.066
546.969
1523.522
6520 0.0004673920 0.0004340361 0.0005117946 36.7365000000 1.0000000000 true
6520 0.0002171783 0.0002160595 0.0002178015 35.7282000000 1.0000000000 true
920 0.0002413544 0.0000783132 0.0012755790 38.4259000000 1.0000000000 true
2093720
425.288
392.971
1844.464
6520 0.0005503668 0.0004950366 0.0006212099 42.8982000000 1.0000000000 true
6520 0.0003051739 0.0002990704 0.0003089855 38.5642000000 1.0000000000 true
1728 0.0002159982 -0.0002847449 0.0010938063 38.0831000000 1.0000000000 true

100000 0.0100000000 0.0100000000
2095576
470.509
689.713
1958.014
11368 0.0003779766 0.0003560201 0.0004095183 56.6561000001 1.0000000000 true
11368 0.0001447165 0.0001438518 0.0001452083 56.2949000001 1.0000000000 true
1568 0.0001635493 0.0000638107 0.0005198702 81.2144000002 1.0000000000 true
2093208
581.006
717.867
3445.036
11368 0.0004491613 0.0003996975 0.0004914380 40.2863000001 1.0000000000 true
11368 0.0002056410 0.0002016323 0.0002077115 47.7150000001 1.0000000000 true
2976 0.0001241367 -0.0002372605 0.0008231519 42.1490000000 1.0000000000 true

100000 0.0100000000 0.0010000000
2094952
559.827
905.929
2380.010
16216 0.0003170925 0.0002859611 0.0003419946 71.3342000001 1.0000000000 true
16216 0.0001090214 0.0001082962 0.0001094214 64.6828000001 1.0000000000 true
2216 0.0001234627 0.0000538165 0.0004389380 74.1821000000 1.0000000000 true
2094408
605.533
954.632
4996.166
16216 0.0003829885 0.0003494854 0.0004167860 35.0553000000 1.0000000000 true
16216 0.0001572574 0.0001542629 0.0001588632 44.1043000001 1.0000000000 true
4224 0.0000737402 -0.0002033161 0.0003778620 42.1835000000 1.0000000000 true

100000 0.0010000000 0.1000000000
2094504
496.067
616.093
1276.778
64120 0.0000255411 0.0000169341 0.0000335610 58.7641000001 1.0000000000 true
64120 0.0000121537 0.0000087742 0.0000126223 44.1939000001 1.0000000000 true
8120 0.0000141998 0.0000021385 0.0000474700 41.4343000000 1.0000000000 true
2093224
491.151
547.464
1933.286
64120 0.0000307564 0.0000202428 0.0000442361 37.4570000000 1.0000000000 true
64120 0.0000184241 0.0000135436 0.0000205441 34.5997000000 1.0000000000 true
16128 0.0000127119 -0.0000675782 0.0000826500 33.2255000000 1.0000000000 true

100000 0.0010000000 0.0100000000
2097208
647.604
883.122
1847.714
112168 0.0000216812 0.0000151874 0.0000274334 71.2996000002 1.0000000000 true
112168 0.0000090124 0.0000082167 0.0000093811 69.6692000002 1.0000000000 true
14168 0.0000102587 0.0000018946 0.0000418292 47.5156000001 1.0000000000 true
2094856
914.450
1105.596
4368.763
112168 0.0000259294 0.0000162284 0.0000358612 36.1137000000 1.0000000000 true
112168 0.0000131515 0.0000100459 0.0000145644 52.2140000001 1.0000000000 true
28176 0.0000072044 -0.0000599743 0.0000685476 46.5645000001 1.0000000000 true

100000 0.0010000000 0.0010000000
2092552
671.545
1032.584
2243.263
160216 0.0000184545 0.0000115298 0.0000239907 32.5856000000 1.0000000000 true
160216 0.0000071601 0.0000065226 0.0000074629 20.4520999999 1.0000000000 true
20216 0.0000082428 0.0000016706 0.0000369720 20.0873999999 1.0000000000 true
2094328
382.021
541.385
3061.293
160216 0.0000225305 0.0000096388 0.0000305343 22.7978999999 1.0000000000 true
160216 0.0000106010 0.0000000000 0.0000117817 24.7671999999 1.0000000000 true
40224 0.0000046488 -0.0000539944 0.0000308441 22.4719999999 1.0000000000 true

