1000 0.1 0.1
20552
1.554
2.893
7.697
760 0.0442928080 0.0376487229 0.0559946751 0.1509000000 1.0000000000 true
760 0.0221710792 0.0210916050 0.0228076379 0.1438000000 1.0000000000 true
200 0.0256805982 0.0092561777 0.0851880356 0.1476000000 1.0000000000 true
20584
1.531
2.364
13.650
760 0.0248358283 0.0180191165 0.0330814954 0.1780000000 1.0000000000 true
760 0.0151431393 0.0134424873 0.0166082432 0.2116000000 1.0000000000 true
288 0.0090398638 -0.0011626641 0.0668858455 0.1505000000 1.0000000000 true

1000 0.1000000000 0.0100000000
20488
1.936
4.180
12.937
1288 0.0128350016 0.0111978408 0.0153475747 0.1949000000 1.0000000000 true
1288 0.0053123096 0.0050238464 0.0054900397 0.2005000000 1.0000000000 true
308 0.0059500177 0.0027204834 0.0125596160 0.2011000000 1.0000000000 true
20120
2.111
3.428
22.657
1288 0.0118295743 0.0084947526 0.0145911928 0.1985000000 1.0000000000 true
1288 0.0061000905 0.0052758497 0.0067113360 0.2039000000 1.0000000000 true
456 0.0026096007 -0.0095232260 0.0167006573 0.2016000000 1.0000000000 true

1000 0.1000000000 0.0010000000
20600
2.330
5.406
17.476
1816 0.0070766341 0.0058062885 0.0085885063 0.2618000000 1.0000000000 true
1816 0.0027273292 0.0025585493 0.0028222236 0.2443000000 1.0000000000 true
416 0.0034750473 0.0016275065 0.0074465241 0.2481000000 1.0000000000 true
20168
2.532
4.537
31.096
1816 0.0077867213 0.0059840104 0.0098941505 0.3647000000 1.0000000000 true
1816 0.0036432884 0.0031342721 0.0039644069 0.3057000000 1.0000000000 true
624 0.0011259856 -0.0063770777 0.0090112156 0.2484000000 1.0000000000 true

1000 0.0100000000 0.1000000000
20728
1.429
2.672
7.722
6520 0.0003651228 0.0000000000 0.0007705079 0.1794000000 1.0000000000 true
6520 0.0001914082 0.0000000000 0.0003051262 0.1809000000 1.0000000000 true
920 0.0002175123 -0.0001089737 0.0013115301 0.1473000000 1.0000000000 true
20584
1.578
2.407
13.933
6520 0.0004209813 0.0000000000 0.0012042982 0.1460000000 1.0000000000 true
6520 0.0002756399 0.0000142326 0.0005835372 0.1462000000 1.0000000000 true
1728 0.0001515793 -0.0011342300 0.0018294385 0.1408000000 1.0000000000 true

1000 0.0100000000 0.0100000000
20664
1.862
3.891
12.821
11368 0.0002456667 0.0000000000 0.0005157140 0.2028000000 1.0000000000 true
11368 0.0001121739 0.0000000000 0.0001966036 0.2014000000 1.0000000000 true
1568 0.0001279462 -0.0000652052 0.0005048464 0.2154000000 1.0000000000 true
20472
2.080
3.551
22.729
11368 0.0002318907 0.0000000000 0.0007115779 0.1988000000 1.0000000000 true
11368 0.0001614370 0.0000000000 0.0003501138 0.1975000000 1.0000000000 true
2976 0.0000404109 -0.0008861982 0.0006888772 0.2119000000 1.0000000000 true

1000 0.0100000000 0.0010000000
20584
2.405
4.942
17.557
16216 0.0001683249 0.0000000000 0.0003973099 0.2411000000 1.0000000000 true
16216 0.0000779881 0.0000000000 0.0001353916 0.2433000000 1.0000000000 true
2216 0.0000749344 -0.0000580250 0.0003425085 0.2364000000 1.0000000000 true
20664
2.641
4.583
34.509
16216 0.0001644308 0.0000000000 0.0004748649 0.2382000000 1.0000000000 true
16216 0.0001114938 0.0000000000 0.0002541838 0.2335000000 1.0000000000 true
4224 0.0000102376 -0.0007130257 0.0005018128 0.2244000000 1.0000000000 true

1000 0.0010000000 0.1000000000
20360
1.575
2.923
8.065
64120 0.0000002570 0.0000000000 0.0000579629 0.2097000000 1.0000000000 true
64120 0.0000005231 0.0000000000 0.0000647821 0.2108000000 1.0000000000 true
8120 -0.0000130208 -0.0000722832 0.0000981960 0.1636000000 1.0000000000 true
20264
1.926
2.728
14.228
64120 0.0000006993 0.0000000000 0.0001225962 0.1734000000 1.0000000000 true
64120 0.0000082742 0.0000000000 0.0000963256 0.1759000000 1.0000000000 true
16128 -0.0000247714 -0.0002176707 0.0001338550 0.2017000000 1.0000000000 true

1000 0.0010000000 0.0100000000
20376
2.380
4.118
13.123
112168 0.0000000475 0.0000000000 0.0000519396 0.3881000000 1.0000000000 true
112168 0.0000000248 0.0000000000 0.0000495787 0.4259000000 1.0000000000 true
14168 -0.0000149830 -0.0000607929 0.0000241991 0.1919000000 1.0000000000 true
20264
2.963
4.284
25.554
112168 0.0000000008 0.0000000000 0.0000016435 0.4713000000 1.0000000000 true
112168 0.0000072122 0.0000000000 0.0000284875 0.2700000000 1.0000000000 true
28176 -0.0000280193 -0.0003287017 0.0000493053 0.2861000000 1.0000000000 true

1000 0.0010000000 0.0010000000
20408
2.892
5.398
18.279
160216 0.0000000000 0.0000000000 0.0000000000 0.3802000000 1.0000000000 true
160216 0.0000000000 0.0000000000 0.0000000000 0.4135000000 1.0000000000 true
20216 -0.0000139339 -0.0000500073 0.0000119809 0.2589000000 1.0000000000 true
20296
3.407
6.146
34.303
160216 0.0000000000 0.0000000000 0.0000000000 0.3191000000 1.0000000000 true
160216 0.0000062887 0.0000000000 0.0000273037 0.4103000000 1.0000000000 true
40224 -0.0000267338 -0.0001716235 0.0000068259 0.2372000000 1.0000000000 true

10000 0.1000000000 0.1000000000
203496
17.978
29.998
82.251
760 0.0156909535 0.0150457627 0.0168199231 7.2971000000 1.0000000000 true
760 0.0073804840 0.0073464210 0.0074017811 2.0292000000 1.0000000000 true
200 0.0083771668 0.0026536614 0.0215953932 2.0883000000 1.0000000000 true
202616
18.224
27.486
141.701
760 0.0144868181 0.0134723355 0.0160077019 1.4739000000 1.0000000000 true
760 0.0081707171 0.0080912576 0.0082511393 1.5090000000 1.0000000000 true
288 0.0062424170 -0.0000647797 0.0263455739 1.6440000000 1.0000000000 true

10000 0.1000000000 0.0100000000
202872
22.652
44.738
133.016
1288 0.0088645929 0.0086167391 0.0094988573 2.2306000000 1.0000000000 true
1288 0.0034459390 0.0034265319 0.0034568336 2.7468000000 1.0000000000 true
308 0.0039640336 0.0015049880 0.0122581891 4.9588000000 1.0000000000 true
204056
24.971
38.480
232.852
1288 0.0094170373 0.0089881036 0.0101186638 2.2407000000 1.0000000000 true
1288 0.0043368603 0.0042782857 0.0043781469 2.0396000000 1.0000000000 true
456 0.0027726756 -0.0024980283 0.0171917124 1.9638000000 1.0000000000 true

10000 0.1000000000 0.0010000000
202808
26.718
60.743
197.377
1816 0.0061382437 0.0057790333 0.0065493796 2.6287000000 1.0000000000 true
1816 0.0021470591 0.0021335278 0.0021545420 2.7152000000 1.0000000000 true
416 0.0023444371 0.0010501875 0.0042768449 2.6922000000 1.0000000000 true
204024
27.093
49.201
349.050
1816 0.0069815641 0.0067154446 0.0075079167 2.3810000000 1.0000000000 true
1816 0.0028998862 0.0028442498 0.0029304122 2.3979000000 1.0000000000 true
624 0.0012418459 -0.0000313520 0.0063753531 2.4102000000 1.0000000000 true

10000 0.0100000000 0.1000000000
202344
17.022
27.813
78.335
6520 0.0004313221 0.0002543846 0.0005878888 1.4869000000 1.0000000000 true
6520 0.0002163249 0.0002044090 0.0002234378 1.7464000000 1.0000000000 true
920 0.0002474808 0.0000880331 0.0008203403 1.5562000000 1.0000000000 true
204408
16.164
24.898
138.857
6520 0.0005030576 0.0003519527 0.0007149564 1.4906000000 1.0000000000 true
6520 0.0003012809 0.0002588590 0.0003328565 1.4217000000 1.0000000000 true
1728 0.0002027691 -0.0002037807 0.0013579486 1.4357000000 1.0000000000 true

10000 0.0100000000 0.0100000000
202776
20.309
40.238
128.500
11368 0.0003424493 0.0002289486 0.0004331900 3.1201000000 1.0000000000 true
11368 0.0001432698 0.0001332080 0.0001485687 2.4746000000 1.0000000000 true
1568 0.0001609308 0.0000717649 0.0003328167 6.2669000000 1.0000000000 true
203880
22.023
36.610
257.914
11368 0.0004075079 0.0003028445 0.0005341170 1.8418000000 1.0000000000 true
11368 0.0002052109 0.0001686377 0.0002250456 1.9169000000 1.0000000000 true
2976 0.0001156847 -0.0003196937 0.0005251064 1.9237000000 1.0000000000 true

10000 0.0100000000 0.0010000000
203480
24.894
54.023
178.341
16216 0.0002778067 0.0001981025 0.0003471406 2.6234000000 1.0000000000 true
16216 0.0001065732 0.0000981287 0.0001107023 2.6263000000 1.0000000000 true
2216 0.0001243153 0.0000253522 0.0002798308 2.6641000000 1.0000000000 true
204120
26.587
46.319
325.574
16216 0.0003299840 0.0002317408 0.0004268844 2.4481000000 1.0000000000 true
16216 0.0001531061 0.0001217611 0.0001699516 2.3448000000 1.0000000000 true
4224 0.0000710391 -0.0002094315 0.0004491936 2.3434000000 1.0000000000 true

10000 0.0010000000 0.1000000000
203288
20.279
31.910
91.957
64120 0.0000184850 0.0000000000 0.0000444961 1.8109000000 1.0000000000 true
64120 0.0000088199 0.0000000000 0.0000145763 2.0107000000 1.0000000000 true
8120 0.0000101330 -0.0000071406 0.0000603707 1.8252000000 1.0000000000 true
203448
19.241
26.581
148.344
64120 0.0000202789 0.0000000000 0.0000609416 1.8793000000 1.0000000000 true
64120 0.0000138329 0.0000000000 0.0000301697 1.7823000000 1.0000000000 true
16128 0.0000076101 -0.0000563423 0.0000936848 2.1143000000 1.0000000000 true

10000 0.0010000000 0.0100000000
203464
25.038
53.583
142.907
112168 0.0000120981 0.0000000000 0.0000334046 2.1462000000 1.0000000000 true
112168 0.0000059549 0.0000000000 0.0000102344 2.2093000000 1.0000000000 true
14168 0.0000066684 -0.0000048834 0.0000265470 2.4203000000 1.0000000000 true
202872
27.875
47.398
252.967
112168 0.0000136534 0.0000000000 0.0000410313 2.1061000000 1.0000000000 true
112168 0.0000093504 0.0000000000 0.0000215366 2.0722000000 1.0000000000 true
28176 0.0000024703 -0.0000622762 0.0000435593 2.0596000000 1.0000000000 true

10000 0.0010000000 0.0010000000
202952
33.826
60.668
195.479
160216 0.0000094944 0.0000000000 0.0000230593 4.0091000000 1.0000000000 true
160216 0.0000043940 0.0000000000 0.0000081195 2.9661000000 1.0000000000 true
20216 0.0000045657 -0.0000040365 0.0000237088 2.8314000000 1.0000000000 true
203112
37.481
62.588
361.546
160216 0.0000101502 0.0000000000 0.0000311825 5.4450000000 1.0000000000 true
160216 0.0000068744 0.0000000000 0.0000156349 2.8580000000 1.0000000000 true
40224 0.0000006366 -0.0000743750 0.0000373840 3.3788000000 1.0000000000 true

100000 0.1000000000 0.1000000000
2095720
364.550
415.239
965.869
760 0.0150076879 0.0147916182 0.0154386873 77.9531000002 1.0000000000 true
760 0.0069185174 0.0069151319 0.0069204562 89.4594000001 1.0000000000 true
200 0.0085162216 0.0039830281 0.0319024076 75.2680000001 1.0000000000 true
2094024
532.842
569.973
2376.160
760 0.0142463061 0.0139280990 0.0146000736 35.1882000000 1.0000000000 true
760 0.0077907310 0.0077826234 0.0077989940 33.4745000000 1.0000000000 true
288 0.0048700128 -0.0000062797 0.0212869921 29.9477000000 1.0000000000 true

100000 0.1000000000 0.0100000000
2094056
488.255
794.115
2313.461
1288 0.0087704069 0.0086853603 0.0089618832 33.5319000000 1.0000000000 true
1288 0.0033059889 0.0033040093 0.0033070549 34.0052999999 1.0000000000 true
308 0.0035160997 0.0011644384 0.0186732780 51.0082000000 1.0000000000 true
2094488
394.167
543.677
2735.900
1288 0.0094353067 0.0092799520 0.0097066449 32.5264000000 1.0000000000 true
1288 0.0042176807 0.0042126282 0.0042217096 30.1621999999 1.0000000000 true
456 0.0021035310 -0.0018905570 0.0141459465 39.8625000000 1.0000000000 true

100000 0.1000000000 0.0010000000
2096408
455.708
767.059
2181.121
1816 0.0061703041 0.0060822337 0.0062933289 59.3463000001 1.0000000000 true
1816 0.0020851232 0.0020837486 0.0020858635 47.9453000001 1.0000000000 true
416 0.0021428596 0.0008231442 0.0065999451 49.4116000000 1.0000000000 true
2096824
445.923
650.696
3790.049
1816 0.0070334726 0.0069566612 0.0072151620 44.6609000001 1.0000000000 true
1816 0.0028120205 0.0028083323 0.0028147919 46.4352000001 1.0000000000 true
624 0.0017872115 -0.0000032244 0.0098942709 44.0203000001 1.0000000000 true

100000 0.0100000000 0.1000000000
2094744
394.902
479.971
1134.084
6520 0.0004682299 0.0004352663 0.0005117527 37.0794000000 1.0000000000 true
6520 0.0002178700 0.0002165961 0.0002185046 67.7559000001 1.0000000000 true
920 0.0002383406 0.0000782975 0.0012762755 48.0232000001 1.0000000000 true
2095656
431.040
633.864
2795.876
6520 0.0005490551 0.0005018155 0.0006141384 40.8745000000 1.0000000000 true
6520 0.0003048135 0.0002997376 0.0003080218 33.8543000000 1.0000000000 true
1728 0.0002097939 -0.0004260083 0.0010945755 33.7152000000 1.0000000000 true

100000 0.0100000000 0.0100000000
2096856
531.422
900.564
2314.294
11368 0.0003789736 0.0003415170 0.0004105316 46.7273000001 1.0000000000 true
11368 0.0001451216 0.0001441400 0.0001456479 43.8683000001 1.0000000000 true
1568 0.0001670402 0.0000638241 0.0005201088 43.1683000001 1.0000000000 true
2096024
473.136
677.097
3676.786
11368 0.0004456329 0.0004065068 0.0004956507 72.7676000002 1.0000000000 true
11368 0.0002053155 0.0002009525 0.0002075214 39.1660000000 1.0000000000 true
2976 0.0001139897 -0.0002372576 0.0008806917 39.4445000000 1.0000000000 true

100000 0.0100000000 0.0010000000
2094824
598.388
998.882
2869.925
16216 0.0003163033 0.0002957390 0.0003390777 50.8911000001 1.0000000000 true
16216 0.0001088719 0.0001080050 0.0001092647 43.0277000000 1.0000000000 true
2216 0.0001208308 0.0000538383 0.0004391159 43.2591000001 1.0000000000 true
2095400
496.605
644.463
3961.012
16216 0.0003818740 0.0003509186 0.0004175601 70.7262000001 1.0000000000 true
16216 0.0001569229 0.0001537388 0.0001586312 58.7337000002 1.0000000000 true
4224 0.0000652159 -0.0002033892 0.0006039151 77.3074000002 1.0000000000 true

100000 0.0010000000 0.1000000000
2093960
787.152
965.373
1850.299
64120 0.0000255764 0.0000173954 0.0000341471 52.9541000001 1.0000000000 true
64120 0.0000125913 0.0000117709 0.0000130291 53.7993000001 1.0000000000 true
8120 0.0000140899 0.0000021512 0.0000945032 54.2365000001 1.0000000000 true
2094776
507.682
508.487
1912.952
64120 0.0000307528 0.0000189280 0.0000433039 43.3861000000 1.0000000000 true
64120 0.0000184677 0.0000149066 0.0000205268 32.1913000000 1.0000000000 true
16128 0.0000123508 -0.0000454465 0.0000826887 40.2614000000 1.0000000000 true

100000 0.0010000000 0.0100000000
2092184
633.794
846.650
1803.002
112168 0.0000217329 0.0000154646 0.0000276543 48.3862000001 1.0000000000 true
112168 0.0000090230 0.0000083479 0.0000093850 44.3880000001 1.0000000000 true
14168 0.0000101658 0.0000019005 0.0000418468 47.1020000001 1.0000000000 true
2094152
537.517
647.791
2589.514
112168 0.0000260609 0.0000161627 0.0000349906 26.3775999999 1.0000000000 true
112168 0.0000131793 0.0000093924 0.0000145981 17.4616000000 1.0000000000 true
28176 0.0000072704 -0.0000307083 0.0000367466 27.8614999999 1.0000000000 true

100000 0.0010000000 0.0010000000
2096888
362.557
605.793
1677.231
160216 0.0000189824 0.0000130788 0.0000235821 28.0286999999 1.0000000000 true
160216 0.0000071910 0.0000065805 0.0000074984 41.4328000000 1.0000000000 true
20216 0.0000082158 0.0000016851 0.0000187004 36.0523000000 1.0000000000 true
2093288
396.316
539.065
3332.815
160216 0.0000222780 0.0000093878 0.0000304576 19.8897999999 1.0000000000 true
160216 0.0000105689 0.0000080190 0.0000117035 21.5467999999 1.0000000000 true
40224 0.0000045178 -0.0000363717 0.0000308536 20.6468999999 1.0000000000 true

