1000 0.1 0.1
20456
1.521
2.762
7.659
760 0.0438105978 0.0361625208 0.0561386932 0.1526000000 1.0000000000 true
760 0.0221094853 0.0210237660 0.0227697554 0.1442000000 1.0000000000 true
200 0.0244974621 0.0195756219 0.0841258756 0.1618000000 1.0000000000 true
20168
1.470
2.302
13.011
760 0.0251241211 0.0187800984 0.0313480169 0.1741000000 1.0000000000 true
760 0.0152085561 0.0125809693 0.0168268290 0.1433000000 1.0000000000 true
288 0.0081070153 -0.0189584593 0.0663894097 0.1454000000 1.0000000000 true

1000 0.1000000000 0.0100000000
20312
1.845
3.846
12.208
1288 0.0123100489 0.0109015064 0.0148752414 0.1948000000 1.0000000000 true
1288 0.0052444554 0.0049532638 0.0054167632 0.1959000000 1.0000000000 true
308 0.0054957473 0.0027408266 0.0126535342 0.1989000000 1.0000000000 true
20456
1.948
3.575
25.039
1288 0.0119219547 0.0088608935 0.0148489966 0.2259000000 1.0000000000 true
1288 0.0060575688 0.0050290366 0.0065569289 0.2016000000 1.0000000000 true
456 0.0026760882 -0.0051282504 0.0158036537 0.2139000000 1.0000000000 true

1000 0.1000000000 0.0010000000
20456
2.428
5.300
18.693
1816 0.0070463158 0.0057762601 0.0087992303 0.2405000000 1.0000000000 true
1816 0.0028060307 0.0026275606 0.0029045295 0.2737000000 1.0000000000 true
416 0.0032264297 0.0016199039 0.0074617619 0.2588000000 1.0000000000 true
20296
2.433
4.909
33.453
1816 0.0079289887 0.0065544020 0.0095966782 0.2710000000 1.0000000000 true
1816 0.0036624942 0.0031744214 0.0039335222 0.2341000000 1.0000000000 true
624 0.0017562309 -0.0004067136 0.0105246311 0.2597000000 1.0000000000 true

1000 0.0100000000 0.1000000000
20424
1.384
2.561
7.487
6520 0.0003702035 0.0000000000 0.0009319219 0.1458000000 1.0000000000 true
6520 0.0001865647 0.0000000000 0.0002904189 0.1490000000 1.0000000000 true
920 0.0002103078 -0.0001226213 0.0013204379 0.1383000000 1.0000000000 true
20408
1.527
2.200
13.393
6520 0.0003879885 0.0000000000 0.0009623716 0.1699000000 1.0000000000 true
6520 0.0002790094 0.0000000000 0.0005655173 0.1403000000 1.0000000000 true
1728 0.0001618230 -0.0005677221 0.0019754524 0.1485000000 1.0000000000 true

1000 0.0100000000 0.0100000000
20408
1.881
3.856
12.769
11368 0.0002386680 0.0000000000 0.0005634807 0.1966000000 1.0000000000 true
11368 0.0001142229 0.0000000000 0.0002020964 0.2155000000 1.0000000000 true
1568 0.0001196460 -0.0000776528 0.0005087255 0.1974000000 1.0000000000 true
20648
2.072
3.580
23.073
11368 0.0002206145 0.0000000000 0.0006103038 0.1904000000 1.0000000000 true
11368 0.0001633278 0.0000000000 0.0003566711 0.2189000000 1.0000000000 true
2976 0.0000426044 -0.0007802730 0.0007890797 0.1786000000 1.0000000000 true

1000 0.0100000000 0.0010000000
20520
2.606
5.260
18.679
16216 0.0001716647 0.0000000000 0.0004219895 0.2230000000 1.0000000000 true
16216 0.0000824832 0.0000000000 0.0001474128 0.2365000000 1.0000000000 true
2216 0.0000774810 -0.0000583172 0.0003580026 0.2583000000 1.0000000000 true
20408
2.608
4.988
36.253
16216 0.0001669814 0.0000000000 0.0004851431 0.2590000000 1.0000000000 true
16216 0.0001114204 0.0000000000 0.0002297661 0.3809000000 1.0000000000 true
4224 0.0000009555 -0.0009227232 0.0003278192 0.3458000000 1.0000000000 true

1000 0.0010000000 0.1000000000
20408
2.413
3.739
10.075
64120 0.0000049108 0.0000000000 0.0000909354 0.1831000000 1.0000000000 true
64120 0.0000001398 0.0000000000 0.0000615353 0.2313000000 1.0000000000 true
8120 -0.0000144662 -0.0000717911 0.0000929866 0.1547000000 1.0000000000 true
20488
1.981
3.146
14.961
64120 0.0000001104 0.0000000000 0.0000659195 0.2138000000 1.0000000000 true
64120 0.0000081590 0.0000000000 0.0000583859 0.2178000000 1.0000000000 true
16128 -0.0000246877 -0.0002473552 0.0000828703 0.1591000000 1.0000000000 true

1000 0.0010000000 0.0100000000
20280
2.474
4.077
12.986
112168 0.0000000000 0.0000000000 0.0000000000 0.2174000000 1.0000000000 true
112168 0.0000000184 0.0000000000 0.0000367609 0.2073000000 1.0000000000 true
14168 -0.0000144917 -0.0000640351 0.0000314247 0.2020000000 1.0000000000 true
20488
3.107
5.300
27.182
112168 0.0000000060 0.0000000000 0.0000120845 0.3023000000 1.0000000000 true
112168 0.0000070665 0.0000000000 0.0000280142 0.3026000000 1.0000000000 true
28176 -0.0000265258 -0.0001873105 0.0000834932 0.2135000000 1.0000000000 true

1000 0.0010000000 0.0010000000
20568
3.428
6.272
19.099
160216 0.0000000000 0.0000000000 0.0000000000 0.3834000000 1.0000000000 true
160216 0.0000000195 0.0000000000 0.0000390912 0.3675000000 1.0000000000 true
20216 -0.0000144899 -0.0000552489 0.0000119880 0.2483000000 1.0000000000 true
20504
3.468
5.363
34.064
160216 0.0000000000 0.0000000000 0.0000000000 0.4827000000 1.0000000000 true
160216 0.0000062581 0.0000000000 0.0000263044 0.3967000000 1.0000000000 true
40224 -0.0000271591 -0.0001700044 0.0000146136 0.2692000000 1.0000000000 true

10000 0.1000000000 0.1000000000
203896
19.334
32.798
92.703
760 0.0156108089 0.0146410966 0.0171145217 2.1200000000 1.0000000000 true
760 0.0073825864 0.0073475371 0.0074025021 1.6111000000 1.0000000000 true
200 0.0086468734 0.0026462192 0.0215696491 1.9282000000 1.0000000000 true
203448
18.942
28.609
144.216
760 0.0146766164 0.0139463024 0.0161436680 1.7926000000 1.0000000000 true
760 0.0083073181 0.0082159983 0.0083879918 1.8348000000 1.0000000000 true
288 0.0068586027 -0.0000611330 0.0289642568 2.1200000000 1.0000000000 true

10000 0.1000000000 0.0100000000
204040
22.739
47.883
145.533
1288 0.0087995438 0.0084575059 0.0093310406 2.6979000000 1.0000000000 true
1288 0.0034178070 0.0033984856 0.0034282609 2.9947000000 1.0000000000 true
308 0.0044318577 0.0014973286 0.0121958028 2.1539000000 1.0000000000 true
203752
22.119
36.925
248.050
1288 0.0092896485 0.0087535834 0.0102145063 2.5409000000 1.0000000000 true
1288 0.0043370767 0.0042769762 0.0043866537 3.6921000000 1.0000000000 true
456 0.0023887143 -0.0024901585 0.0091806385 2.2081000000 1.0000000000 true

10000 0.1000000000 0.0010000000
202728
26.843
65.836
201.332
1816 0.0061479751 0.0057355418 0.0065269784 2.8140000000 1.0000000000 true
1816 0.0021500567 0.0021366838 0.0021574939 3.0620000000 1.0000000000 true
416 0.0025055093 0.0010464912 0.0085237138 2.6414000000 1.0000000000 true
203752
31.703
51.339
327.605
1816 0.0069629606 0.0066071320 0.0074800816 2.6928000000 1.0000000000 true
1816 0.0028860492 0.0028454808 0.0029146341 2.6520000000 1.0000000000 true
624 0.0015619858 -0.0036614676 0.0067814560 2.6958000000 1.0000000000 true

10000 0.0100000000 0.1000000000
203272
16.003
28.267
80.499
6520 0.0004358542 0.0003524869 0.0005544794 1.5410000000 1.0000000000 true
6520 0.0002138246 0.0002009925 0.0002202918 1.9575000000 1.0000000000 true
920 0.0002402372 0.0000879967 0.0008190696 2.7919000000 1.0000000000 true
202696
16.902
23.010
134.841
6520 0.0005077721 0.0003533479 0.0006893194 1.5198000000 1.0000000000 true
6520 0.0003029275 0.0002549115 0.0003365008 1.7763000000 1.0000000000 true
1728 0.0001991386 -0.0003846605 0.0013397405 1.8877000000 1.0000000000 true

10000 0.0100000000 0.0100000000
203432
21.864
45.416
137.421
11368 0.0003335510 0.0001814134 0.0004192142 3.4873000000 1.0000000000 true
11368 0.0001421639 0.0001319222 0.0001474186 2.4152000000 1.0000000000 true
1568 0.0001619794 0.0000711536 0.0006645603 2.1226000000 1.0000000000 true
202680
25.558
37.881
236.410
11368 0.0003980910 0.0002799737 0.0005222853 2.1968000000 1.0000000000 true
11368 0.0002018044 0.0001640568 0.0002234074 2.3501000000 1.0000000000 true
2976 0.0000997923 -0.0003191011 0.0005627317 2.5736000000 1.0000000000 true

10000 0.0100000000 0.0010000000
203496
25.817
55.357
188.955
16216 0.0002808318 0.0002122744 0.0003455010 2.6099000000 1.0000000000 true
16216 0.0001068789 0.0000995442 0.0001111588 2.9475000000 1.0000000000 true
2216 0.0001244393 0.0000600545 0.0005596201 2.6343000000 1.0000000000 true
204408
25.840
52.055
352.804
16216 0.0003324299 0.0002129746 0.0004236316 2.4526000000 1.0000000000 true
16216 0.0001538861 0.0001258430 0.0001691896 4.4346000000 1.0000000000 true
4224 0.0000598139 -0.0002738603 0.0004490007 2.7574000000 1.0000000000 true

10000 0.0010000000 0.1000000000
203304
18.170
29.023
85.808
64120 0.0000162819 0.0000000000 0.0000427471 1.7838000000 1.0000000000 true
64120 0.0000086637 0.0000000000 0.0000141113 2.0084000000 1.0000000000 true
8120 0.0000109146 -0.0000052548 0.0000604010 1.4916000000 1.0000000000 true
203320
21.167
28.543
156.143
64120 0.0000183378 0.0000000000 0.0000579585 1.6599000000 1.0000000000 true
64120 0.0000159510 0.0000000000 0.0000354099 1.6394000000 1.0000000000 true
16128 0.0000073647 -0.0000421417 0.0001050805 1.6016000000 1.0000000000 true

10000 0.0010000000 0.0100000000
203432
24.243
44.525
135.952
112168 0.0000127615 0.0000000000 0.0000317972 3.7143000000 1.0000000000 true
112168 0.0000060100 0.0000000000 0.0000101834 2.1246000000 1.0000000000 true
14168 0.0000061918 -0.0000046241 0.0000265496 2.2400000000 1.0000000000 true
203144
30.377
50.069
268.193
112168 0.0000126964 0.0000000000 0.0000468484 2.2949000000 1.0000000000 true
112168 0.0000088953 0.0000000000 0.0000203625 2.8472000000 1.0000000000 true
28176 0.0000023549 -0.0000621081 0.0000435437 2.1847000000 1.0000000000 true

10000 0.0010000000 0.0010000000
203432
36.628
66.264
199.839
160216 0.0000096303 0.0000000000 0.0000239676 2.6266000000 1.0000000000 true
160216 0.0000045143 0.0000000000 0.0000085301 2.7991000000 1.0000000000 true
20216 0.0000045761 -0.0000043114 0.0000236894 2.9634000000 1.0000000000 true
203096
44.688
63.397
378.907
160216 0.0000099460 0.0000000000 0.0000329257 4.1031000000 1.0000000000 true
160216 0.0000066169 0.0000000000 0.0000152838 5.0640000000 1.0000000000 true
40224 0.0000002977 -0.0000443230 0.0000312663 4.6617000000 1.0000000000 true

100000 0.1000000000 0.1000000000
2096952
360.399
408.454
971.295
760 0.0150139028 0.0147915274 0.0153644424 63.2870000001 1.0000000000 true
760 0.0069180579 0.0069144706 0.0069198557 62.8613000002 1.0000000000 true
200 0.0075463285 0.0019894886 0.0159509265 59.1437000001 1.0000000000 true
2093784
576.661
823.804
4057.815
760 0.0142351401 0.0140110820 0.0147055845 49.8647000001 1.0000000000 true
760 0.0077793187 0.0077688352 0.0077873139 58.9064000001 1.0000000000 true
288 0.0053588448 -0.0000064773 0.0425917032 62.3070000001 1.0000000000 true

100000 0.1000000000 0.0100000000
2094744
431.859
678.114
1865.944
1288 0.0087652938 0.0086530543 0.0089424919 61.3633000001 1.0000000000 true
1288 0.0033082363 0.0033061993 0.0033093351 43.5773000000 1.0000000000 true
308 0.0036586412 0.0023325699 0.0093412371 48.0628000001 1.0000000000 true
2093576
601.126
767.231
3668.321
1288 0.0094580406 0.0093282118 0.0097245143 47.0312000001 1.0000000000 true
1288 0.0042255064 0.0042191200 0.0042297834 39.2730000000 1.0000000000 true
456 0.0022216707 -0.0000042021 0.0141465272 40.3415000000 1.0000000000 true

100000 0.1000000000 0.0010000000
2095432
448.130
845.261
2422.901
1816 0.0061793773 0.0061050872 0.0063312230 45.3397000000 1.0000000000 true
1816 0.0020905590 0.0020892173 0.0020912809 48.1807000001 1.0000000000 true
416 0.0024382082 0.0016473647 0.0065972984 40.4833000000 1.0000000000 true
2094888
477.049
751.623
4998.858
1816 0.0070323159 0.0069596785 0.0072016425 41.7912000000 1.0000000000 true
1816 0.0028136894 0.0028083029 0.0028167996 39.9241000000 1.0000000000 true
624 0.0014515659 -0.0000031917 0.0098931794 39.8573000000 1.0000000000 true

100000 0.0100000000 0.1000000000
2096008
312.487
447.788
970.359
6520 0.0004688565 0.0004356666 0.0005146389 26.8690999999 1.0000000000 true
6520 0.0002180992 0.0002165241 0.0002188408 28.3909999999 1.0000000000 true
920 0.0002444401 0.0000783590 0.0012758508 32.9377000000 1.0000000000 true
2095544
476.145
544.531
2662.851
6520 0.0005482312 0.0004963583 0.0006246078 32.2021000000 1.0000000000 true
6520 0.0003046882 0.0002989645 0.0003079177 27.3912000000 1.0000000000 true
1728 0.0001849620 -0.0005671742 0.0010941752 33.9416000000 1.0000000000 true

100000 0.0100000000 0.0100000000
2096552
423.790
636.780
1733.727
11368 0.0003770901 0.0003470818 0.0004071644 59.1626000001 1.0000000000 true
11368 0.0001444668 0.0001435473 0.0001449442 46.6385000001 1.0000000000 true
1568 0.0001650668 0.0000313826 0.0005201466 44.3105000001 1.0000000000 true
2096744
470.383
635.591
3763.406
11368 0.0004502899 0.0004097640 0.0004933266 37.8819000000 1.0000000000 true
11368 0.0002059730 0.0002022218 0.0002079874 51.0465000001 1.0000000000 true
2976 0.0001126993 -0.0002373183 0.0008816579 41.6378000001 1.0000000000 true

100000 0.0100000000 0.0010000000
2094680
507.400
874.365
2448.079
16216 0.0003165701 0.0002972315 0.0003388048 61.5685000002 1.0000000000 true
16216 0.0001089147 0.0001081481 0.0001093141 46.0586000001 1.0000000000 true
2216 0.0001278821 0.0000538630 0.0004391529 45.8405000001 1.0000000000 true
2092600
542.361
778.698
4538.883
16216 0.0003834967 0.0003551128 0.0004182395 58.4696000001 1.0000000000 true
16216 0.0001574112 0.0001544416 0.0001590812 40.7847000001 1.0000000000 true
4224 0.0000528401 -0.0014131105 0.0003780585 38.4134000000 1.0000000000 true

100000 0.0010000000 0.1000000000
2094744
497.300
621.973
1251.155
64120 0.0000254909 0.0000176705 0.0000342047 47.9094000001 1.0000000000 true
64120 0.0000125982 0.0000116934 0.0000130732 49.4705000001 1.0000000000 true
8120 0.0000141142 0.0000021914 0.0000943123 47.5243000001 1.0000000000 true
2093496
506.991
482.933
1751.119
64120 0.0000307403 0.0000170337 0.0000438517 41.5752000000 1.0000000000 true
64120 0.0000184916 0.0000141060 0.0000205050 59.5524000001 1.0000000000 true
16128 0.0000126688 -0.0000674782 0.0000826660 35.8814000000 1.0000000000 true

100000 0.0010000000 0.0100000000
2093656
519.948
753.653
1666.061
112168 0.0000208606 0.0000108277 0.0000277536 41.7104000000 1.0000000000 true
112168 0.0000090109 0.0000082127 0.0000093823 51.4657000001 1.0000000000 true
14168 0.0000103061 0.0000018897 0.0000418347 40.7906000000 1.0000000000 true
2095560
847.276
919.613
3829.952
112168 0.0000260434 0.0000160084 0.0000353649 60.3397000001 1.0000000000 true
112168 0.0000131573 0.0000099054 0.0000145305 39.1747000000 1.0000000000 true
28176 0.0000071987 -0.0000355036 0.0000367328 54.1979000001 1.0000000000 true

100000 0.0010000000 0.0010000000
2093336
1237.946
1738.103
3203.217
160216 0.0000184445 0.0000103820 0.0000236768 56.5286000001 1.0000000000 true
160216 0.0000071731 0.0000065789 0.0000074783 55.4461000001 1.0000000000 true
20216 0.0000081374 0.0000016984 0.0000369716 51.8029000001 1.0000000000 true
2096840
815.316
1085.672
4239.123
160216 0.0000228128 0.0000140392 0.0000307898 39.7826000000 1.0000000000 true
160216 0.0000105507 0.0000079234 0.0000117194 40.6429000000 1.0000000000 true
40224 0.0000046086 -0.0000539488 0.0000326792 40.5656000001 1.0000000000 true

