1000 0.1 0.1
20360
1.465
2.758
7.660
760 0.0440800214 0.0355904362 0.0540954351 0.1442000000 1.0000000000 true
760 0.0220104859 0.0210602097 0.0226724260 0.1459000000 1.0000000000 true
200 0.0256942821 0.0089635173 0.0830544909 0.1462000000 1.0000000000 true
20312
1.515
2.428
13.869
760 0.0243735451 0.0182021125 0.0316875717 0.1400000000 1.0000000000 true
760 0.0151916502 0.0123909871 0.0162911296 0.1474000000 1.0000000000 true
288 0.0102759980 -0.0100500330 0.0619896807 0.1973000000 1.0000000000 true

1000 0.1000000000 0.0100000000
20360
1.959
4.156
13.086
1288 0.0128831220 0.0112616234 0.0155302398 0.1982000000 1.0000000000 true
1288 0.0054356951 0.0051029231 0.0056156425 0.1980000000 1.0000000000 true
308 0.0062102165 0.0027183229 0.0124235851 0.1947000000 1.0000000000 true
20552
2.117
4.225
27.646
1288 0.0113502966 0.0077451868 0.0147534571 0.1968000000 1.0000000000 true
1288 0.0060503051 0.0052729508 0.0065782223 0.3726000000 1.0000000000 true
456 0.0028125817 -0.0094091918 0.0154903736 0.4402000000 1.0000000000 true

1000 0.1000000000 0.0010000000
20552
2.577
5.629
18.573
1816 0.0069436897 0.0056071588 0.0086335570 0.2646000000 1.0000000000 true
1816 0.0027607735 0.0025861298 0.0028617450 0.2452000000 1.0000000000 true
416 0.0032158918 0.0015910515 0.0073288591 0.2981000000 1.0000000000 true
20360
2.674
4.728
32.209
1816 0.0076637614 0.0060584822 0.0098556694 0.2445000000 1.0000000000 true
1816 0.0035611715 0.0029419909 0.0038894850 0.2759000000 1.0000000000 true
624 0.0015544385 -0.0033155083 0.0085562901 0.2253000000 1.0000000000 true

1000 0.0100000000 0.1000000000
20296
1.487
2.772
7.772
6520 0.0003613959 0.0000000000 0.0007529845 0.1395000000 1.0000000000 true
6520 0.0001900740 0.0000000000 0.0003057420 0.1391000000 1.0000000000 true
920 0.0002175164 -0.0001099155 0.0012924549 0.2135000000 1.0000000000 true
20440
1.473
2.331
13.503
6520 0.0003532788 0.0000000000 0.0010132228 0.1493000000 1.0000000000 true
6520 0.0002718781 0.0000000000 0.0005418304 0.1541000000 1.0000000000 true
1728 0.0001474250 -0.0007704828 0.0017251880 0.1485000000 1.0000000000 true

1000 0.0100000000 0.0100000000
20584
1.889
3.854
13.057
11368 0.0002295926 0.0000000000 0.0005265141 0.2019000000 1.0000000000 true
11368 0.0001136575 0.0000000000 0.0001927942 0.2460000000 1.0000000000 true
1568 0.0001183209 -0.0000733988 0.0005000905 0.2273000000 1.0000000000 true
20392
2.055
3.568
23.015
11368 0.0002209365 0.0000000000 0.0006149721 0.2371000000 1.0000000000 true
11368 0.0001673953 0.0000000000 0.0003750463 0.2044000000 1.0000000000 true
2976 0.0000602107 -0.0003785110 0.0006426891 0.1954000000 1.0000000000 true

1000 0.0100000000 0.0010000000
20504
2.446
5.242
18.461
16216 0.0001638285 0.0000000000 0.0003552293 0.2763000000 1.0000000000 true
16216 0.0000787944 0.0000000000 0.0001404952 0.2580000000 1.0000000000 true
2216 0.0000795001 -0.0000654580 0.0003400622 0.2648000000 1.0000000000 true
20488
2.375
4.542
33.483
16216 0.0001739531 0.0000000000 0.0004893330 0.2621000000 1.0000000000 true
16216 0.0001136050 0.0000000000 0.0002363788 0.2803000000 1.0000000000 true
4224 0.0000046031 -0.0007358012 0.0004532997 0.3517000000 1.0000000000 true

1000 0.0010000000 0.1000000000
20456
1.757
2.767
7.845
64120 0.0000001717 0.0000000000 0.0000573761 0.1610000000 1.0000000000 true
64120 0.0000004824 0.0000000000 0.0000708763 0.2485000000 1.0000000000 true
8120 -0.0000141692 -0.0000762764 0.0000371257 0.1465000000 1.0000000000 true
20488
1.903
2.759
14.677
64120 0.0000002620 0.0000000000 0.0001117896 0.3065000000 1.0000000000 true
64120 0.0000083158 0.0000000000 0.0000695580 0.2886000000 1.0000000000 true
16128 -0.0000240771 -0.0003061794 0.0001440844 0.1995000000 1.0000000000 true

1000 0.0010000000 0.0100000000
20440
2.805
5.229
14.727
112168 0.0000000000 0.0000000000 0.0000000000 0.2489000000 1.0000000000 true
112168 0.0000000000 0.0000000000 0.0000000000 0.2533000000 1.0000000000 true
14168 -0.0000143098 -0.0000656326 0.0000216822 0.2325000000 1.0000000000 true
20392
2.469
4.151
24.402
112168 0.0000000000 0.0000000000 0.0000000000 0.2958000000 1.0000000000 true
112168 0.0000070294 0.0000000000 0.0000260769 0.3106000000 1.0000000000 true
28176 -0.0000270383 -0.0001847116 0.0000304231 0.1902000000 1.0000000000 true

1000 0.0010000000 0.0010000000
20344
2.981
5.597
18.158
160216 0.0000000000 0.0000000000 0.0000000000 0.3452000000 1.0000000000 true
160216 0.0000000000 0.0000000000 0.0000000000 0.3737000000 1.0000000000 true
20216 -0.0000139135 -0.0000563477 0.0000160255 0.2634000000 1.0000000000 true
20264
2.831
5.167
33.898
160216 0.0000000000 0.0000000000 0.0000000000 0.3812000000 1.0000000000 true
160216 0.0000062560 0.0000000000 0.0000251788 0.3744000000 1.0000000000 true
40224 -0.0000278058 -0.0002411357 0.0000140420 0.2415000000 1.0000000000 true

10000 0.1000000000 0.1000000000
202904
18.620
32.986
90.678
760 0.0156465323 0.0148316034 0.0168368750 1.6334000000 1.0000000000 true
760 0.0073509052 0.0073168326 0.0073712328 2.1037000000 1.0000000000 true
200 0.0075695992 0.0053190984 0.0214766258 2.0307000000 1.0000000000 true
203432
17.550
24.893
137.915
760 0.0138497499 0.0104255795 0.0160019035 2.0937000000 1.0000000000 true
760 0.0082160198 0.0080973158 0.0083026030 1.5778000000 1.0000000000 true
288 0.0052613971 -0.0000630248 0.0280597338 1.8661000000 1.0000000000 true

10000 0.1000000000 0.0100000000
203368
21.625
43.985
131.400
1288 0.0088912731 0.0085935145 0.0094219754 4.3504000000 1.0000000000 true
1288 0.0034389817 0.0034195414 0.0034498736 2.4010000000 1.0000000000 true
308 0.0039309327 0.0014976311 0.0121952354 2.2400000000 1.0000000000 true
203816
21.752
37.311
232.974
1288 0.0094281437 0.0090346140 0.0101809010 1.9391000000 1.0000000000 true
1288 0.0043653836 0.0043087150 0.0044075688 2.3149000000 1.0000000000 true
456 0.0025631284 -0.0037060496 0.0171000729 2.3147000000 1.0000000000 true

10000 0.1000000000 0.0010000000
203208
27.051
66.157
195.208
1816 0.0060739777 0.0058367444 0.0064636424 2.6652000000 1.0000000000 true
1816 0.0021214697 0.0021069547 0.0021289306 2.7983000000 1.0000000000 true
416 0.0022518440 0.0010471707 0.0085218340 2.6694000000 1.0000000000 true
203352
26.355
50.389
346.362
1816 0.0068699182 0.0065808706 0.0074567606 2.6737000000 1.0000000000 true
1816 0.0028733629 0.0028277689 0.0029037068 2.9024000000 1.0000000000 true
624 0.0017077179 -0.0000314837 0.0068111229 2.6605000000 1.0000000000 true

10000 0.0100000000 0.1000000000
204776
16.170
27.830
79.338
6520 0.0004391847 0.0003411623 0.0005710327 1.5707000000 1.0000000000 true
6520 0.0002176957 0.0002035196 0.0002253787 2.4024000000 1.0000000000 true
920 0.0002406784 0.0000878358 0.0008175719 2.0341000000 1.0000000000 true
202808
16.587
23.969
136.133
6520 0.0005059481 0.0002976604 0.0006790460 1.7108000000 1.0000000000 true
6520 0.0002966402 0.0002386742 0.0003300588 1.5556000000 1.0000000000 true
1728 0.0002147271 -0.0005642430 0.0013522815 1.6796000000 1.0000000000 true

10000 0.0100000000 0.0100000000
203016
22.254
43.300
134.095
11368 0.0003388415 0.0002419523 0.0004308485 2.5201000000 1.0000000000 true
11368 0.0001421759 0.0001325999 0.0001472612 2.1589000000 1.0000000000 true
1568 0.0001571818 0.0000709576 0.0006634856 2.2116000000 1.0000000000 true
202776
21.520
35.822
232.257
11368 0.0003953795 0.0002610601 0.0005211699 2.0896000000 1.0000000000 true
11368 0.0002118244 0.0001601744 0.0002329876 1.9730000000 1.0000000000 true
2976 0.0001182837 -0.0003183018 0.0005494618 1.8981000000 1.0000000000 true

10000 0.0100000000 0.0010000000
203496
25.013
53.539
183.125
16216 0.0002756378 0.0001801852 0.0003461902 2.7130000000 1.0000000000 true
16216 0.0001067165 0.0000991939 0.0001108518 2.4863000000 1.0000000000 true
2216 0.0001218930 0.0000265881 0.0002791746 2.6942000000 1.0000000000 true
203032
25.231
45.221
325.369
16216 0.0003298820 0.0002109635 0.0004304356 2.9446000000 1.0000000000 true
16216 0.0001524812 0.0001208723 0.0001672317 2.8971000000 1.0000000000 true
4224 0.0000757737 -0.0002740899 0.0004484538 2.8304000000 1.0000000000 true

10000 0.0010000000 0.1000000000
203272
20.512
33.904
88.991
64120 0.0000166009 0.0000000000 0.0000447138 2.5173000000 1.0000000000 true
64120 0.0000094040 0.0000000000 0.0000153170 1.6580000000 1.0000000000 true
8120 0.0000100152 -0.0000054199 0.0000602664 1.5209000000 1.0000000000 true
203896
22.716
25.623
142.632
64120 0.0000188127 0.0000000000 0.0000613087 1.6129000000 1.0000000000 true
64120 0.0000136692 0.0000000000 0.0000290151 1.6410000000 1.0000000000 true
16128 0.0000085341 -0.0000555166 0.0001049133 1.9601000000 1.0000000000 true

10000 0.0010000000 0.0100000000
203976
26.723
45.874
148.237
112168 0.0000121152 0.0000000000 0.0000275407 2.2509000000 1.0000000000 true
112168 0.0000059236 0.0000000000 0.0000102694 2.2494000000 1.0000000000 true
14168 0.0000069113 -0.0000045123 0.0000530587 2.0786000000 1.0000000000 true
203656
32.305
42.147
256.352
112168 0.0000126218 0.0000000000 0.0000395163 3.7127000000 1.0000000000 true
112168 0.0000088060 0.0000000000 0.0000205349 2.4603000000 1.0000000000 true
28176 0.0000025727 -0.0000613133 0.0000434970 2.1302000000 1.0000000000 true

10000 0.0010000000 0.0010000000
203432
34.402
62.401
197.294
160216 0.0000097775 0.0000000000 0.0000242666 3.0419000000 1.0000000000 true
160216 0.0000045631 0.0000000000 0.0000083359 4.3327000000 1.0000000000 true
20216 0.0000048755 -0.0000047237 0.0000236646 2.6003000000 1.0000000000 true
203000
40.444
63.038
398.810
160216 0.0000099364 0.0000000000 0.0000307103 4.6628000000 1.0000000000 true
160216 0.0000069735 0.0000000000 0.0000160095 4.0484000000 1.0000000000 true
40224 0.0000004464 -0.0000487700 0.0000260863 3.0378000000 1.0000000000 true

100000 0.1000000000 0.1000000000
2093720
359.746
367.285
937.265
760 0.0149956781 0.0147897140 0.0154059584 69.5225000001 1.0000000000 true
760 0.0069218779 0.0069185424 0.0069237695 73.3654000001 1.0000000000 true
200 0.0066960389 0.0039785114 0.0159329783 88.1213000003 1.0000000000 true
2094616
730.219
872.801
4188.531
760 0.0142312020 0.0139328668 0.0146508198 59.2785000001 1.0000000000 true
760 0.0077970556 0.0077876512 0.0078100027 50.6718000001 1.0000000000 true
288 0.0048952674 -0.0056784952 0.0212705018 68.5516000001 1.0000000000 true

100000 0.1000000000 0.0100000000
2093640
402.789
604.559
1657.335
1288 0.0087451635 0.0086145243 0.0089685805 43.1560000001 1.0000000000 true
1288 0.0033066013 0.0033046072 0.0033076501 42.7816000000 1.0000000000 true
308 0.0038591792 0.0023295248 0.0093293986 59.0230000002 1.0000000000 true
2094216
451.686
624.323
3119.130
1288 0.0094301006 0.0092700053 0.0097046905 26.5848999999 1.0000000000 true
1288 0.0042203279 0.0042147696 0.0042246200 26.4479999999 1.0000000000 true
456 0.0022811014 -0.0056587303 0.0141363281 29.4758999999 1.0000000000 true

100000 0.1000000000 0.0010000000
2092840
441.679
820.766
2387.223
1816 0.0061715182 0.0060353342 0.0063142400 90.0778000003 1.0000000000 true
1816 0.0020894443 0.0020880650 0.0020901901 89.7281000003 1.0000000000 true
416 0.0022549356 0.0016461614 0.0065924290 75.6589000002 1.0000000000 true
2094504
667.614
1111.721
7959.189
1816 0.0070305267 0.0069190631 0.0072190344 50.8269000001 1.0000000000 true
1816 0.0028150725 0.0028106654 0.0028187116 48.9333000000 1.0000000000 true
624 0.0014444297 -0.0014149569 0.0098827571 34.7322000000 1.0000000000 true

100000 0.0100000000 0.1000000000
2094024
346.428
453.163
1086.669
6520 0.0004670475 0.0004318856 0.0005135166 27.1012999999 1.0000000000 true
6520 0.0002170883 0.0002157822 0.0002176990 43.5306000000 1.0000000000 true
920 0.0002490282 0.0000782451 0.0012752635 41.6347000000 1.0000000000 true
2095768
367.226
366.335
1640.016
6520 0.0005487633 0.0004940855 0.0006205331 35.4816000000 1.0000000000 true
6520 0.0003049815 0.0002982169 0.0003083200 42.1221000001 1.0000000000 true
1728 0.0002067782 -0.0002846687 0.0010936459 41.3597000001 1.0000000000 true

100000 0.0100000000 0.0100000000
2095272
447.348
661.138
1831.955
11368 0.0003787087 0.0003504904 0.0004072982 42.0813000001 1.0000000000 true
11368 0.0001448955 0.0001439585 0.0001454019 33.3165000000 1.0000000000 true
1568 0.0001622175 0.0000637392 0.0005197400 38.4046000000 1.0000000000 true
2093944
439.184
583.448
4441.847
11368 0.0004500549 0.0004113971 0.0004948547 63.8775000001 1.0000000000 true
11368 0.0002055443 0.0002010919 0.0002075498 45.8931000001 1.0000000000 true
2976 0.0001074042 -0.0004721444 0.0008811305 53.1604000001 1.0000000000 true

100000 0.0100000000 0.0010000000
2095080
475.870
902.218
2701.014
16216 0.0003173358 0.0002963462 0.0003386192 44.7385000000 1.0000000000 true
16216 0.0001090319 0.0001082639 0.0001094290 42.3000000000 1.0000000000 true
2216 0.0001252018 0.0000537971 0.0004388342 45.8255000001 1.0000000000 true
2093624
513.190
775.885
4234.324
16216 0.0003844368 0.0003540528 0.0004178533 45.6232000001 1.0000000000 true
16216 0.0001578404 0.0001550660 0.0001595103 42.3582000000 1.0000000000 true
4224 0.0000682649 -0.0003037821 0.0003769384 43.9485000001 1.0000000000 true

100000 0.0010000000 0.1000000000
2094456
571.236
716.883
1373.567
64120 0.0000251070 0.0000146847 0.0000336734 36.5689000000 1.0000000000 true
64120 0.0000122099 0.0000000000 0.0000128426 35.9251000000 1.0000000000 true
8120 0.0000140943 0.0000022476 0.0000949030 32.3129000000 1.0000000000 true
2093752
405.096
416.468
1694.433
64120 0.0000307659 0.0000189336 0.0000441443 34.6116000000 1.0000000000 true
64120 0.0000184264 0.0000145444 0.0000205472 34.9914000000 1.0000000000 true
16128 0.0000125459 -0.0000344623 0.0000849806 31.9903000000 1.0000000000 true

100000 0.0010000000 0.0100000000
2094568
700.965
925.867
1987.969
112168 0.0000216753 0.0000149163 0.0000284440 58.1714000001 1.0000000000 true
112168 0.0000094238 0.0000000000 0.0000098165 44.5055000001 1.0000000000 true
14168 0.0000102443 0.0000018735 0.0000418135 39.9695000000 1.0000000000 true
2092760
778.820
952.334
4060.105
112168 0.0000259890 0.0000169044 0.0000354725 48.5234000001 1.0000000000 true
112168 0.0000131761 0.0000101446 0.0000145428 59.8418000001 1.0000000000 true
28176 0.0000072443 -0.0000404635 0.0000372366 40.1877000001 1.0000000000 true

100000 0.0010000000 0.0010000000
2096376
726.120
1073.164
2342.506
160216 0.0000188956 0.0000136835 0.0000239359 58.0328000001 1.0000000000 true
160216 0.0000071938 0.0000065703 0.0000075102 55.7470000001 1.0000000000 true
20216 0.0000082435 0.0000016973 0.0000186842 75.7080000002 1.0000000000 true
2094376
1104.436
1446.518
5795.132
160216 0.0000227893 0.0000132366 0.0000306632 53.1299000001 1.0000000000 true
160216 0.0000105393 0.0000081347 0.0000116450 57.4586000001 1.0000000000 true
40224 0.0000046674 -0.0000363674 0.0000308353 45.9155000001 1.0000000000 true

