1000 0.1 0.1
20424
1.482
2.736
7.652
760 0.0432818770 0.0353348466 0.0558578729 0.1408000000 1.0000000000 true
760 0.0221173761 0.0210827451 0.0227100760 0.1456000000 1.0000000000 true
200 0.0223302530 0.0091420753 0.0849010645 0.1417000000 1.0000000000 true
20392
1.538
2.345
13.453
760 0.0244143121 0.0191398012 0.0316990419 0.1431000000 1.0000000000 true
760 0.0150526484 0.0133840399 0.0163444005 0.1960000000 1.0000000000 true
288 0.0099114408 -0.0012126778 0.0342403153 0.1411000000 1.0000000000 true

1000 0.1000000000 0.0100000000
20456
2.450
4.313
14.282
1288 0.0116862099 0.0078983689 0.0155552070 0.4177000000 1.0000000000 true
1288 0.0053556142 0.0050627353 0.0055269762 0.1863000000 1.0000000000 true
308 0.0061299463 0.0027885822 0.0128450439 0.1882000000 1.0000000000 true
20248
2.672
4.905
36.811
1288 0.0122571882 0.0099068692 0.0153128235 0.2017000000 1.0000000000 true
1288 0.0062826921 0.0055163249 0.0067679281 0.1991000000 1.0000000000 true
456 0.0037562214 -0.0006048311 0.0158227359 0.2060000000 1.0000000000 true

1000 0.1000000000 0.0010000000
20584
2.554
5.376
19.357
1816 0.0074061794 0.0064560752 0.0088513938 0.2413000000 1.0000000000 true
1816 0.0028264806 0.0026501397 0.0029304429 0.2129000000 1.0000000000 true
416 0.0032236782 0.0016181141 0.0074535179 0.2241000000 1.0000000000 true
20456
2.380
4.583
32.151
1816 0.0077152093 0.0059653262 0.0100105081 0.2441000000 1.0000000000 true
1816 0.0036716102 0.0030631569 0.0040364008 0.2448000000 1.0000000000 true
624 0.0015632542 -0.0034056217 0.0089918950 0.2771000000 1.0000000000 true

1000 0.0100000000 0.1000000000
20280
1.533
2.624
7.859
6520 0.0003745472 0.0000000000 0.0008938897 0.1456000000 1.0000000000 true
6520 0.0001914266 0.0000000000 0.0003060740 0.1486000000 1.0000000000 true
920 0.0002047572 -0.0000909257 0.0011717895 0.1458000000 1.0000000000 true
20568
1.505
2.435
13.633
6520 0.0003732671 0.0000000000 0.0010476066 0.2353000000 1.0000000000 true
6520 0.0002794178 0.0000000000 0.0005724148 0.1845000000 1.0000000000 true
1728 0.0001526781 -0.0005352734 0.0017270761 0.1425000000 1.0000000000 true

1000 0.0100000000 0.0100000000
20248
2.095
4.086
13.810
11368 0.0002228105 0.0000000000 0.0005175375 0.2285000000 1.0000000000 true
11368 0.0001121187 0.0000000000 0.0001906197 0.2015000000 1.0000000000 true
1568 0.0001259367 -0.0000869147 0.0005046978 0.2008000000 1.0000000000 true
20312
2.283
3.682
24.790
11368 0.0002410111 0.0000000000 0.0006502609 0.1865000000 1.0000000000 true
11368 0.0001624962 0.0000000000 0.0003438964 0.2040000000 1.0000000000 true
2976 0.0000340833 -0.0006677176 0.0005568677 0.1966000000 1.0000000000 true

1000 0.0100000000 0.0010000000
20440
2.257
4.961
18.608
16216 0.0001689271 0.0000000000 0.0004090445 0.2341000000 1.0000000000 true
16216 0.0000746355 0.0000000000 0.0001339278 0.2810000000 1.0000000000 true
2216 0.0000812628 -0.0000734182 0.0004122717 0.2883000000 1.0000000000 true
20584
2.741
4.921
36.016
16216 0.0001727570 0.0000000000 0.0005261128 0.3574000000 1.0000000000 true
16216 0.0001179987 0.0000000000 0.0002415898 0.2524000000 1.0000000000 true
4224 0.0000037544 -0.0005566754 0.0002794292 0.4149000000 1.0000000000 true

1000 0.0010000000 0.1000000000
20232
2.439
4.246
10.141
64120 0.0000008219 0.0000000000 0.0000678782 0.2090000000 1.0000000000 true
64120 0.0000001330 0.0000000000 0.0000651631 0.2579000000 1.0000000000 true
8120 -0.0000132015 -0.0000726297 0.0000916356 0.1613000000 1.0000000000 true
20216
2.686
3.991
18.163
64120 0.0000000461 0.0000000000 0.0000660001 0.1554000000 1.0000000000 true
64120 0.0000080480 0.0000000000 0.0001077172 0.2012000000 1.0000000000 true
16128 -0.0000244097 -0.0002135665 0.0001307550 0.1684000000 1.0000000000 true

1000 0.0010000000 0.0100000000
20568
2.386
4.493
14.153
112168 0.0000000214 0.0000000000 0.0000428799 0.3634000000 1.0000000000 true
112168 0.0000000247 0.0000000000 0.0000493412 0.3064000000 1.0000000000 true
14168 -0.0000147826 -0.0000657883 0.0000252580 0.2462000000 1.0000000000 true
20360
2.673
4.616
26.249
112168 0.0000000979 0.0000000000 0.0000593182 0.3315000000 1.0000000000 true
112168 0.0000070409 0.0000000000 0.0000282986 0.3398000000 1.0000000000 true
28176 -0.0000272874 -0.0002546872 0.0000375500 0.3365000000 1.0000000000 true

1000 0.0010000000 0.0010000000
20520
2.591
5.175
18.065
160216 0.0000000000 0.0000000000 0.0000000000 0.4179000000 1.0000000000 true
160216 0.0000000000 0.0000000000 0.0000000000 0.4100000000 1.0000000000 true
20216 -0.0000142143 -0.0000532773 0.0000222420 0.2619000000 1.0000000000 true
20600
3.244
5.959
34.034
160216 0.0000000000 0.0000000000 0.0000000000 0.3121000000 1.0000000000 true
160216 0.0000061603 0.0000000000 0.0000483803 0.3158000000 1.0000000000 true
40224 -0.0000271570 -0.0001780393 0.0000019352 0.2825000000 1.0000000000 true

10000 0.1000000000 0.1000000000
202696
21.380
32.698
106.324
760 0.0157088616 0.0149869612 0.0170206238 1.7765000000 1.0000000000 true
760 0.0073997425 0.0073650508 0.0074202087 1.9873000000 1.0000000000 true
200 0.0079915092 0.0026270182 0.0213891962 1.6308000000 1.0000000000 true
203352
18.685
25.571
141.221
760 0.0146372876 0.0138635555 0.0158427006 1.6412000000 1.0000000000 true
760 0.0082036846 0.0080948917 0.0082841065 1.6975000000 1.0000000000 true
288 0.0059859999 -0.0149472811 0.0287883489 1.5847000000 1.0000000000 true

10000 0.1000000000 0.0100000000
203720
24.178
46.594
154.497
1288 0.0087704566 0.0082331953 0.0093780188 2.3561000000 1.0000000000 true
1288 0.0034107434 0.0033914376 0.0034213010 5.1390000000 1.0000000000 true
308 0.0036845319 0.0030110046 0.0121558666 3.0043000000 1.0000000000 true
204056
23.359
36.911
240.805
1288 0.0093771375 0.0086882966 0.0102024266 2.0386000000 1.0000000000 true
1288 0.0043570926 0.0042942720 0.0044017551 2.0560000000 1.0000000000 true
456 0.0027362082 -0.0000419229 0.0170498325 2.2536000000 1.0000000000 true

10000 0.1000000000 0.0010000000
203848
25.617
57.598
188.816
1816 0.0060990087 0.0058056246 0.0065327200 2.5881000000 1.0000000000 true
1816 0.0021290946 0.0021153631 0.0021367330 2.6302000000 1.0000000000 true
416 0.0021053202 0.0010415570 0.0084773828 2.6437000000 1.0000000000 true
202472
27.034
46.144
334.249
1816 0.0069029660 0.0064929178 0.0074929749 2.6080000000 1.0000000000 true
1816 0.0028740479 0.0028389608 0.0028982553 2.6302000000 1.0000000000 true
624 0.0011469738 -0.0018389037 0.0063318178 3.0282000000 1.0000000000 true

10000 0.0100000000 0.1000000000
202648
17.014
30.450
89.322
6520 0.0004317165 0.0003205520 0.0005638289 1.4675000000 1.0000000000 true
6520 0.0002144001 0.0002021499 0.0002210703 1.4533000000 1.0000000000 true
920 0.0002421490 0.0000878306 0.0008156698 1.5370000000 1.0000000000 true
203384
15.729
23.419
138.625
6520 0.0005028784 0.0003780240 0.0006867408 1.6172000000 1.0000000000 true
6520 0.0003019814 0.0002467095 0.0003337834 1.7778000000 1.0000000000 true
1728 0.0002137673 -0.0003830374 0.0013509654 2.9988000000 1.0000000000 true

10000 0.0100000000 0.0100000000
202872
22.960
51.197
149.274
11368 0.0003355238 0.0002306010 0.0004373328 1.8913000000 1.0000000000 true
11368 0.0001421935 0.0001324540 0.0001475037 1.8532000000 1.0000000000 true
1568 0.0001574729 0.0000305850 0.0006627555 1.9804000000 1.0000000000 true
203416
19.894
34.410
228.732
11368 0.0004008388 0.0002346297 0.0005193546 2.0559000000 1.0000000000 true
11368 0.0002025064 0.0001609473 0.0002219963 1.9780000000 1.0000000000 true
2976 0.0001119577 -0.0006171352 0.0010398776 2.0609000000 1.0000000000 true

10000 0.0100000000 0.0010000000
202616
25.187
55.119
184.578
16216 0.0002779153 0.0002146386 0.0003411731 2.4662000000 1.0000000000 true
16216 0.0001074973 0.0000050423 0.0001118165 2.3391000000 1.0000000000 true
2216 0.0001232840 0.0000596218 0.0002790301 2.3088000000 1.0000000000 true
203080
30.738
50.388
360.260
16216 0.0003322294 0.0002140834 0.0004300409 2.5318000000 1.0000000000 true
16216 0.0001532103 0.0001227528 0.0001675435 2.7823000000 1.0000000000 true
4224 0.0000680364 -0.0004003678 0.0004477823 2.5716000000 1.0000000000 true

10000 0.0010000000 0.1000000000
202952
18.145
29.209
85.187
64120 0.0000172422 0.0000000000 0.0000451608 1.5452000000 1.0000000000 true
64120 0.0000090524 0.0000000000 0.0000146420 1.5689000000 1.0000000000 true
8120 0.0000102635 -0.0000051747 0.0000601555 2.1273000000 1.0000000000 true
203144
26.131
33.857
170.270
64120 0.0000185352 0.0000000000 0.0000546481 1.8325000000 1.0000000000 true
64120 0.0000135036 0.0000000000 0.0000290693 2.3102000000 1.0000000000 true
16128 0.0000100429 -0.0000948433 0.0001047149 1.8618000000 1.0000000000 true

10000 0.0010000000 0.0100000000
203528
26.050
45.687
149.501
112168 0.0000123774 0.0000000000 0.0000303228 2.4578000000 1.0000000000 true
112168 0.0000059513 0.0000000000 0.0000103491 3.0517000000 1.0000000000 true
14168 0.0000066545 -0.0000048641 0.0000264419 2.3889000000 1.0000000000 true
203112
32.146
40.559
245.090
112168 0.0000131513 0.0000000000 0.0000418674 2.3859000000 1.0000000000 true
112168 0.0000090901 0.0000000000 0.0000207643 2.8744000000 1.0000000000 true
28176 0.0000038143 -0.0000843640 0.0000464655 3.6648000000 1.0000000000 true

10000 0.0010000000 0.0010000000
202952
36.355
66.182
200.217
160216 0.0000096324 0.0000000000 0.0000233224 7.1934000000 1.0000000000 true
160216 0.0000043501 0.0000000000 0.0000083129 8.8252000000 1.0000000000 true
20216 0.0000045545 -0.0000044336 0.0000235995 3.2871000000 1.0000000000 true
202824
53.366
81.698
399.184
160216 0.0000097023 0.0000000000 0.0000316846 4.2353000000 1.0000000000 true
160216 0.0000069297 0.0000000000 0.0000162775 3.8817000000 1.0000000000 true
40224 0.0000007413 -0.0000556657 0.0000334255 4.1028000000 1.0000000000 true

100000 0.1000000000 0.1000000000
2093400
371.694
383.083
937.079
760 0.0149700699 0.0147768733 0.0153080753 39.2850000000 1.0000000000 true
760 0.0069014046 0.0068978536 0.0069033483 36.0955000000 1.0000000000 true
200 0.0064822336 0.0039743000 0.0318324991 41.9762000001 1.0000000000 true
2094808
371.262
362.798
1747.590
760 0.0142165827 0.0140293689 0.0147722633 36.2346000000 1.0000000000 true
760 0.0077910518 0.0077825509 0.0077977870 32.7436000000 1.0000000000 true
288 0.0044891301 -0.0000063754 0.0212449428 32.1002000000 1.0000000000 true

100000 0.1000000000 0.0100000000
2092456
442.428
710.501
2181.791
1288 0.0087232813 0.0085297195 0.0089480744 37.1589000000 1.0000000000 true
1288 0.0033047398 0.0033026469 0.0033057578 39.4289000000 1.0000000000 true
308 0.0039369788 0.0023272438 0.0093200502 33.8860000000 1.0000000000 true
2094680
380.242
495.449
2724.784
1288 0.0094156588 0.0093247419 0.0096757612 32.5701000000 1.0000000000 true
1288 0.0042124062 0.0042055472 0.0042170174 30.3064999999 1.0000000000 true
456 0.0017371751 -0.0037721812 0.0131878941 37.8719000000 1.0000000000 true

100000 0.1000000000 0.0010000000
2095160
565.957
1023.152
3082.538
1816 0.0061791772 0.0060915430 0.0063044053 66.0519000002 1.0000000000 true
1816 0.0020884282 0.0020869801 0.0020891672 53.2234000002 1.0000000000 true
416 0.0023431034 0.0016454434 0.0065899562 58.9255000001 1.0000000000 true
2094136
488.286
773.701
4393.000
1816 0.0070034431 0.0069084976 0.0072168320 48.2520000000 1.0000000000 true
1816 0.0028151270 0.0028110580 0.0028180910 73.1528000001 1.0000000000 true
624 0.0013393380 -0.0014147107 0.0098818652 92.3916000002 1.0000000000 true

100000 0.0100000000 0.1000000000
2094072
721.549
801.930
2356.025
6520 0.0004693111 0.0004404659 0.0005165900 31.3012999999 1.0000000000 true
6520 0.0002178224 0.0002164306 0.0002185214 28.9644999999 1.0000000000 true
920 0.0002366391 0.0000782052 0.0012746126 44.8506000000 1.0000000000 true
2096776
473.816
541.972
2484.215
6520 0.0005456779 0.0004844613 0.0006131629 45.9149000000 1.0000000000 true
6520 0.0003037636 0.0002978259 0.0003070423 47.9323000001 1.0000000000 true
1728 0.0002254930 -0.0002846388 0.0010936965 33.0099000000 1.0000000000 true

100000 0.0100000000 0.0100000000
2094008
581.924
913.792
2745.196
11368 0.0003784136 0.0003555162 0.0004103049 62.1067000002 1.0000000000 true
11368 0.0001448318 0.0001438482 0.0001453314 49.1559000001 1.0000000000 true
1568 0.0001686421 0.0000637589 0.0005197714 65.2707000002 1.0000000000 true
2094584
516.291
630.702
3696.208
11368 0.0004506069 0.0004215572 0.0004921862 33.5589000000 1.0000000000 true
11368 0.0002059462 0.0002020370 0.0002080704 35.0975000000 1.0000000000 true
2976 0.0001166274 -0.0002371613 0.0008815532 36.6144000000 1.0000000000 true

100000 0.0100000000 0.0010000000
2095912
553.603
930.441
2583.149
16216 0.0003165227 0.0003008989 0.0003396546 87.6625000002 1.0000000000 true
16216 0.0001088094 0.0001080512 0.0001092029 85.8295000002 1.0000000000 true
2216 0.0001253543 0.0000538549 0.0004388138 85.5814000002 1.0000000000 true
2094968
465.922
651.325
3933.546
16216 0.0003823138 0.0003601659 0.0004156474 55.5535000001 1.0000000000 true
16216 0.0001572677 0.0001549524 0.0001587954 54.2686000002 1.0000000000 true
4224 0.0000636989 -0.0003039526 0.0003777886 66.5879000002 1.0000000000 true

100000 0.0010000000 0.1000000000
2093976
730.737
878.655
1711.909
64120 0.0000254835 0.0000168267 0.0000339664 59.7526000001 1.0000000000 true
64120 0.0000125629 0.0000116640 0.0000129967 36.6630000000 1.0000000000 true
8120 0.0000141724 0.0000022018 0.0000474614 37.6614999999 1.0000000000 true
2093048
766.003
863.874
2784.894
64120 0.0000308040 0.0000181507 0.0000432572 35.0521000000 1.0000000000 true
64120 0.0000183991 0.0000141913 0.0000204101 32.0425000000 1.0000000000 true
16128 0.0000126610 -0.0000674492 0.0000845617 32.4179000000 1.0000000000 true

100000 0.0010000000 0.0100000000
2094696
614.660
842.560
1714.427
112168 0.0000216389 0.0000155737 0.0000274914 30.9094000000 1.0000000000 true
112168 0.0000089961 0.0000082566 0.0000093442 38.8596000001 1.0000000000 true
14168 0.0000101926 0.0000019250 0.0000418242 43.7444000001 1.0000000000 true
2093848
364.620
476.395
2315.133
112168 0.0000255347 0.0000141829 0.0000369875 24.9705999999 1.0000000000 true
112168 0.0000131628 0.0000103909 0.0000145989 22.4310999999 1.0000000000 true
28176 0.0000071851 -0.0000306516 0.0000367245 25.3617999999 1.0000000000 true

100000 0.0010000000 0.0010000000
2095240
334.952
572.730
1647.777
160216 0.0000178903 0.0000078831 0.0000243796 20.0030999999 1.0000000000 true
160216 0.0000071608 0.0000066004 0.0000074723 21.4963999999 1.0000000000 true
20216 0.0000081396 0.0000017072 0.0000369506 20.5117999999 1.0000000000 true
2093848
225.501
374.688
2632.946
160216 0.0000228366 0.0000145742 0.0000302715 19.4672999999 1.0000000000 true
160216 0.0000105445 0.0000082359 0.0000116740 19.8987999999 1.0000000000 true
40224 0.0000044413 -0.0000539293 0.0000330469 19.2772999999 1.0000000000 true

