1000 0.1 0.1
20216
1.423
3.428
18.582
760 0.0434724158 0.0363562644 0.0554856685 0.1454000000 1.0000000000 true
760 0.0221247668 0.0209799661 0.0227577531 0.1382000000 1.0000000000 true
200 0.0213084222 0.0092424132 0.0851570379 0.1381000000 1.0000000000 true
20424
1.593
2.378
14.052
760 0.0255037184 0.0202159538 0.0334753784 0.1674000000 1.0000000000 true
760 0.0153742047 0.0139300357 0.0167652776 0.1493000000 1.0000000000 true
288 0.0069404043 -0.0097790379 0.0319728700 0.1644000000 1.0000000000 true

1000 0.1000000000 0.0100000000
20440
1.772
3.902
13.903
1288 0.0123765294 0.0107438868 0.0147910338 0.2083000000 1.0000000000 true
1288 0.0051796349 0.0048808290 0.0053476909 0.1885000000 1.0000000000 true
308 0.0057944347 0.0004122936 0.0244950919 0.1899000000 1.0000000000 true
20552
2.243
4.059
23.429
1288 0.0118693850 0.0097796116 0.0148082584 0.2602000000 1.0000000000 true
1288 0.0060764168 0.0051826735 0.0065407119 0.3234000000 1.0000000000 true
456 0.0037756705 -0.0005683803 0.0166066830 0.2199000000 1.0000000000 true

1000 0.1000000000 0.0010000000
20536
2.357
5.350
17.849
1816 0.0071624829 0.0059912239 0.0086254974 0.2532000000 1.0000000000 true
1816 0.0027969783 0.0026271006 0.0028996735 0.3823000000 1.0000000000 true
416 0.0030137778 0.0007011579 0.0073433289 0.2383000000 1.0000000000 true
20648
2.670
4.614
31.337
1816 0.0071413089 0.0023551988 0.0096976215 0.2300000000 1.0000000000 true
1816 0.0035425833 0.0029798699 0.0039002091 0.2384000000 1.0000000000 true
624 0.0012540533 -0.0033335121 0.0085569806 0.2272000000 1.0000000000 true

1000 0.0100000000 0.1000000000
20424
1.464
2.609
7.634
6520 0.0003866925 0.0000000000 0.0008831490 0.1661000000 1.0000000000 true
6520 0.0001896629 0.0000000000 0.0003045341 0.1543000000 1.0000000000 true
920 0.0002046379 -0.0000862847 0.0006484039 0.1425000000 1.0000000000 true
20264
1.507
2.284
13.667
6520 0.0003818682 0.0000000000 0.0009705193 0.1596000000 1.0000000000 true
6520 0.0002799467 0.0000000000 0.0005651400 0.1647000000 1.0000000000 true
1728 0.0001804128 -0.0004553724 0.0018399654 0.1463000000 1.0000000000 true

1000 0.0100000000 0.0100000000
20456
2.081
4.151
12.802
11368 0.0002241288 0.0000000000 0.0005308676 0.1877000000 1.0000000000 true
11368 0.0001056977 0.0000000000 0.0001841786 0.1998000000 1.0000000000 true
1568 0.0001239808 -0.0000718986 0.0009484704 0.1776000000 1.0000000000 true
20328
1.983
3.446
23.215
11368 0.0002319873 0.0000000000 0.0006776435 0.2088000000 1.0000000000 true
11368 0.0001666048 0.0000069591 0.0003897103 0.2110000000 1.0000000000 true
2976 0.0000531076 -0.0006567662 0.0006741639 0.2238000000 1.0000000000 true

1000 0.0100000000 0.0010000000
20456
2.840
6.315
18.873
16216 0.0001611436 0.0000000000 0.0003737576 0.2494000000 1.0000000000 true
16216 0.0000767905 0.0000000000 0.0001350350 0.2763000000 1.0000000000 true
2216 0.0000828018 -0.0000659099 0.0004107314 0.2180000000 1.0000000000 true
20456
2.864
4.437
33.279
16216 0.0001600668 0.0000000000 0.0004313415 0.2378000000 1.0000000000 true
16216 0.0001202018 0.0000000000 0.0002541575 0.2508000000 1.0000000000 true
4224 0.0000104105 -0.0005780267 0.0003253216 0.2326000000 1.0000000000 true

1000 0.0010000000 0.1000000000
20216
1.684
2.706
8.246
64120 0.0000009871 0.0000000000 0.0000773214 0.1687000000 1.0000000000 true
64120 0.0000004362 0.0000000000 0.0000685041 0.1715000000 1.0000000000 true
8120 -0.0000122453 -0.0000807127 0.0001044517 0.2317000000 1.0000000000 true
20632
2.217
3.182
15.418
64120 0.0000009221 0.0000000000 0.0001238013 0.7691000000 1.0000000000 true
64120 0.0000080558 0.0000000000 0.0000970502 0.2955000000 1.0000000000 true
16128 -0.0000234017 -0.0003042152 0.0001636167 0.1639000000 1.0000000000 true

1000 0.0010000000 0.0100000000
20488
2.585
4.529
14.347
112168 0.0000000000 0.0000000000 0.0000000000 0.2689000000 1.0000000000 true
112168 0.0000000000 0.0000000000 0.0000000000 0.2087000000 1.0000000000 true
14168 -0.0000153444 -0.0000610527 0.0000199595 0.1934000000 1.0000000000 true
20648
2.593
4.219
24.822
112168 0.0000000182 0.0000000000 0.0000217738 0.2538000000 1.0000000000 true
112168 0.0000070509 0.0000000000 0.0000272172 0.2772000000 1.0000000000 true
28176 -0.0000279359 -0.0001872543 0.0000283059 0.2052000000 1.0000000000 true

1000 0.0010000000 0.0010000000
20360
3.214
5.923
18.504
160216 0.0000000000 0.0000000000 0.0000000000 0.4939000000 1.0000000000 true
160216 0.0000000000 0.0000000000 0.0000000000 0.2974000000 1.0000000000 true
20216 -0.0000133204 -0.0000538425 0.0000165669 0.2854000000 1.0000000000 true
20344
3.104
5.261
34.427
160216 0.0000000000 0.0000000000 0.0000000000 0.3702000000 1.0000000000 true
160216 0.0000062120 0.0000000000 0.0000227509 0.3663000000 1.0000000000 true
40224 -0.0000271542 -0.0001844276 0.0000227509 0.2472000000 1.0000000000 true

10000 0.1000000000 0.1000000000
203480
19.820
34.248
98.401
760 0.0156409949 0.0150527342 0.0167633690 1.6812000000 1.0000000000 true
760 0.0073548480 0.0073224471 0.0073748603 2.1285000000 1.0000000000 true
200 0.0079071127 0.0053182986 0.0428972296 1.9457000000 1.0000000000 true
203432
18.601
28.095
136.343
760 0.0144431726 0.0134651426 0.0161013581 1.7209000000 1.0000000000 true
760 0.0081839129 0.0080594634 0.0082848902 1.6511000000 1.0000000000 true
288 0.0057754618 -0.0000666241 0.0289714470 1.6717000000 1.0000000000 true

10000 0.1000000000 0.0100000000
203352
23.551
44.863
135.043
1288 0.0087669427 0.0084448712 0.0093809952 2.3426000000 1.0000000000 true
1288 0.0033979140 0.0033788430 0.0034082891 2.1681000000 1.0000000000 true
308 0.0040422977 0.0014998858 0.0122135951 4.5024000000 1.0000000000 true
203608
22.510
38.594
241.401
1288 0.0093894525 0.0084991825 0.0102442635 4.9894000000 1.0000000000 true
1288 0.0043598989 0.0043086870 0.0043974428 2.2650000000 1.0000000000 true
456 0.0024428433 -0.0024891947 0.0146844405 2.3160000000 1.0000000000 true

10000 0.1000000000 0.0010000000
203480
25.571
57.358
184.472
1816 0.0061404906 0.0057401945 0.0065324122 2.6014000000 1.0000000000 true
1816 0.0021410994 0.0021278487 0.0021485390 2.6113000000 1.0000000000 true
416 0.0025146066 0.0010475282 0.0042638954 3.1853000000 1.0000000000 true
203848
25.882
48.130
338.539
1816 0.0068589749 0.0066113085 0.0074287362 3.8979000000 1.0000000000 true
1816 0.0027751991 0.0027281661 0.0028062756 2.7818000000 1.0000000000 true
624 0.0015552518 -0.0000311105 0.0063714246 2.6833000000 1.0000000000 true

10000 0.0100000000 0.1000000000
203480
15.659
28.506
81.126
6520 0.0004328885 0.0003240265 0.0005599555 1.7559000000 1.0000000000 true
6520 0.0002140555 0.0002011510 0.0002204944 2.2273000000 1.0000000000 true
920 0.0002521392 0.0000879973 0.0008209406 1.6145000000 1.0000000000 true
203448
17.013
24.656
146.142
6520 0.0005028241 0.0003251989 0.0007076193 1.5512000000 1.0000000000 true
6520 0.0003030954 0.0002410911 0.0003359887 1.5565000000 1.0000000000 true
1728 0.0002135530 -0.0002042111 0.0013584593 1.6484000000 1.0000000000 true

10000 0.0100000000 0.0100000000
203272
21.394
44.373
134.796
11368 0.0003418553 0.0002636634 0.0004183957 1.9728000000 1.0000000000 true
11368 0.0001420894 0.0001328486 0.0001471666 2.0928000000 1.0000000000 true
1568 0.0001613257 0.0000719969 0.0006663581 2.9960000000 1.0000000000 true
203928
20.602
34.731
232.459
11368 0.0003948928 0.0002689286 0.0005524058 2.0176000000 1.0000000000 true
11368 0.0002018389 0.0001592998 0.0002228581 2.0463000000 1.0000000000 true
2976 0.0001144390 -0.0004704781 0.0005643092 1.9553000000 1.0000000000 true

10000 0.0100000000 0.0010000000
203016
25.169
54.834
184.103
16216 0.0002802885 0.0001879297 0.0003424254 2.7385000000 1.0000000000 true
16216 0.0001066881 0.0000988635 0.0001110587 2.5204000000 1.0000000000 true
2216 0.0001237794 0.0000600169 0.0002805586 2.4526000000 1.0000000000 true
202968
26.449
47.973
352.545
16216 0.0003358428 0.0002337070 0.0004312227 2.6938000000 1.0000000000 true
16216 0.0001555297 0.0001310917 0.0001706074 3.4059000000 1.0000000000 true
4224 0.0000682336 -0.0004019936 0.0004496006 2.4012000000 1.0000000000 true

10000 0.0010000000 0.1000000000
203816
22.674
33.843
87.083
64120 0.0000171132 0.0000000000 0.0000388496 1.6171000000 1.0000000000 true
64120 0.0000089331 0.0000000000 0.0000145243 1.7571000000 1.0000000000 true
8120 0.0000134899 -0.0000051957 0.0001160174 1.9365000000 1.0000000000 true
203192
19.067
25.688
141.221
64120 0.0000183565 0.0000000000 0.0000589449 1.7942000000 1.0000000000 true
64120 0.0000138577 0.0000000000 0.0000301566 2.0856000000 1.0000000000 true
16128 0.0000070546 -0.0000419236 0.0000980772 2.0497000000 1.0000000000 true

10000 0.0010000000 0.0100000000
203336
32.242
52.907
164.139
112168 0.0000133596 0.0000000000 0.0000352622 2.6021000000 1.0000000000 true
112168 0.0000060219 0.0000000000 0.0000101788 2.2194000000 1.0000000000 true
14168 0.0000067749 -0.0000053491 0.0000482454 2.4122000000 1.0000000000 true
203464
27.415
41.157
246.355
112168 0.0000129105 0.0000000000 0.0000365053 4.4313000000 1.0000000000 true
112168 0.0000089027 0.0000000000 0.0000215337 2.5154000000 1.0000000000 true
28176 0.0000026722 -0.0000478798 0.0000435536 2.8130000000 1.0000000000 true

10000 0.0010000000 0.0010000000
203512
35.533
70.740
201.581
160216 0.0000098111 0.0000000000 0.0000231457 3.1175000000 1.0000000000 true
160216 0.0000046008 0.0000000000 0.0000082564 2.7088000000 1.0000000000 true
20216 0.0000046742 -0.0000042210 0.0000237024 2.6175000000 1.0000000000 true
203432
37.448
56.460
377.186
160216 0.0000100088 0.0000000000 0.0000310193 6.1734000000 1.0000000000 true
160216 0.0000068197 0.0000000000 0.0000162960 5.7505000000 1.0000000000 true
40224 0.0000002191 -0.0000762812 0.0000262135 3.6420000000 1.0000000000 true

100000 0.1000000000 0.1000000000
2094760
356.396
354.974
913.536
760 0.0149760370 0.0146998393 0.0154603847 43.3679000001 1.0000000000 true
760 0.0069204094 0.0069170486 0.0069223450 53.6897000001 1.0000000000 true
200 0.0072175280 0.0039850253 0.0319174291 54.5395000001 1.0000000000 true
2092168
675.489
716.932
4564.546
760 0.0142118112 0.0139276516 0.0145984049 59.5499000001 1.0000000000 true
760 0.0077790792 0.0077707239 0.0077879560 68.9271000002 1.0000000000 true
288 0.0051304485 -0.0000064160 0.0440366164 60.9873000002 1.0000000000 true

100000 0.1000000000 0.0100000000
2094968
512.216
807.607
2259.355
1288 0.0087627835 0.0086981593 0.0089759274 44.1082000001 1.0000000000 true
1288 0.0033102301 0.0033083361 0.0033112590 43.7095000001 1.0000000000 true
308 0.0039909226 0.0023332873 0.0093442530 58.1718000000 1.0000000000 true
2093960
481.091
652.325
4025.587
1288 0.0094064066 0.0092966138 0.0096674112 43.4441000000 1.0000000000 true
1288 0.0042158966 0.0042094570 0.0042202670 42.6897000000 1.0000000000 true
456 0.0027271112 -0.0000042519 0.0141688823 47.7898000001 1.0000000000 true

100000 0.1000000000 0.0010000000
2092936
472.176
898.857
2670.811
1816 0.0061923862 0.0061279647 0.0063273462 59.0518000001 1.0000000000 true
1816 0.0020920942 0.0020907393 0.0020928310 51.3586000001 1.0000000000 true
416 0.0025474730 0.0016496758 0.0066064021 67.1650000002 1.0000000000 true
2095288
799.943
1081.808
7026.694
1816 0.0070085921 0.0068837978 0.0071997594 54.7973000001 1.0000000000 true
1816 0.0028135236 0.0028088367 0.0028159730 50.5018000001 1.0000000000 true
624 0.0014124576 -0.0028332685 0.0106111644 58.5994000001 1.0000000000 true

100000 0.0100000000 0.1000000000
2096376
352.899
427.057
1007.967
6520 0.0004683157 0.0004275166 0.0005148837 43.1030000001 1.0000000000 true
6520 0.0002181138 0.0002167752 0.0002187637 39.7028000000 1.0000000000 true
920 0.0002407657 0.0000783798 0.0012776176 40.0136000000 1.0000000000 true
2093160
458.683
548.266
2794.945
6520 0.0005361614 0.0004503986 0.0006200263 38.2650000000 1.0000000000 true
6520 0.0003040639 0.0002986028 0.0003075878 35.9322000000 1.0000000000 true
1728 0.0002071912 -0.0002852332 0.0010959472 37.6948000000 1.0000000000 true

100000 0.0100000000 0.0100000000
2094136
504.877
839.020
2190.641
11368 0.0003788565 0.0003565557 0.0004079509 49.5457000001 1.0000000000 true
11368 0.0001448908 0.0001440210 0.0001453720 56.3659000002 1.0000000000 true
1568 0.0001622474 0.0000639122 0.0005208264 62.0472000001 1.0000000000 true
2095896
582.445
721.073
4052.806
11368 0.0004391227 0.0003545642 0.0004967277 41.3628000000 1.0000000000 true
11368 0.0002066505 0.0002031369 0.0002089583 50.8370000001 1.0000000000 true
2976 0.0001108466 -0.0002374254 0.0008242478 39.6231000000 1.0000000000 true

100000 0.0100000000 0.0010000000
2094648
540.606
967.180
2522.985
16216 0.0003170937 0.0002942011 0.0003392853 46.6701000001 1.0000000000 true
16216 0.0001090111 0.0001082035 0.0001094040 47.9174000001 1.0000000000 true
2216 0.0001203126 0.0000265193 0.0004395411 46.7962000001 1.0000000000 true
2095800
469.950
675.178
4032.893
16216 0.0003839804 0.0003498252 0.0004184319 39.2776000000 1.0000000000 true
16216 0.0001576308 0.0001549778 0.0001592018 79.3387000002 1.0000000000 true
4224 0.0000706196 -0.0002035234 0.0003780511 55.0767000001 1.0000000000 true

100000 0.0010000000 0.1000000000
2096424
754.354
1033.703
1823.153
64120 0.0000240152 0.0000132611 0.0000345219 60.6060000001 1.0000000000 true
64120 0.0000126120 0.0000115614 0.0000130755 47.6765000001 1.0000000000 true
8120 0.0000141578 0.0000021986 0.0000943362 52.8024000001 1.0000000000 true
2094168
567.520
592.130
2153.298
64120 0.0000305968 0.0000181363 0.0000430434 28.8925000000 1.0000000000 true
64120 0.0000184283 0.0000144735 0.0000204363 30.0897000000 1.0000000000 true
16128 0.0000124743 -0.0000676703 0.0000827363 37.0516000000 1.0000000000 true

100000 0.0010000000 0.0100000000
2094760
635.667
843.246
1753.443
112168 0.0000217551 0.0000141732 0.0000282595 18.5004000000 1.0000000000 true
112168 0.0000090431 0.0000082545 0.0000094352 35.0162000000 1.0000000000 true
14168 0.0000102143 0.0000018809 0.0000418653 30.1743999999 1.0000000000 true
2094856
356.865
450.974
2281.121
112168 0.0000257050 0.0000143299 0.0000358199 16.7252000000 1.0000000000 true
112168 0.0000132087 0.0000104483 0.0000146649 31.3874999999 1.0000000000 true
28176 0.0000068874 -0.0000698832 0.0000724965 16.6839000000 1.0000000000 true

100000 0.0010000000 0.0010000000
2094056
290.385
532.864
1584.979
160216 0.0000189427 0.0000130727 0.0000243594 20.3005999999 1.0000000000 true
160216 0.0000071727 0.0000065866 0.0000075138 20.4501999999 1.0000000000 true
20216 0.0000082388 0.0000016763 0.0000374138 19.9095999999 1.0000000000 true
2098024
312.575
467.292
2750.566
160216 0.0000215353 0.0000082507 0.0000305654 19.5726999999 1.0000000000 true
160216 0.0000104882 0.0000078760 0.0000116267 19.7466999999 1.0000000000 true
40224 0.0000044919 -0.0000540040 0.0000330716 19.4303999999 1.0000000000 true

