1000 0.1 0.1
20408
1.690
5.441
16.093
760 0.0439758443 0.0381614672 0.0561261174 0.1748000000 1.0000000000 true
760 0.0222779695 0.0212807057 0.0229333677 0.1389000000 1.0000000000 true
200 0.0243674563 0.0096047562 0.0879022998 0.1733000000 1.0000000000 true
20504
1.451
2.386
13.944
760 0.0248519250 0.0190979330 0.0349424376 0.1477000000 1.0000000000 true
760 0.0155179207 0.0130929582 0.0170463801 0.1503000000 1.0000000000 true
288 0.0107688919 -0.0010830087 0.0631138700 0.1932000000 1.0000000000 true

1000 0.1000000000 0.0100000000
20488
1.941
4.043
13.485
1288 0.0127450354 0.0093536579 0.0155996659 0.2516000000 1.0000000000 true
1288 0.0054653494 0.0051620154 0.0056502727 0.1833000000 1.0000000000 true
308 0.0062840515 0.0027330123 0.0125749275 0.2271000000 1.0000000000 true
20376
2.083
4.197
25.671
1288 0.0121656670 0.0093093654 0.0156111565 0.1968000000 1.0000000000 true
1288 0.0061986915 0.0054548929 0.0067056964 0.2397000000 1.0000000000 true
456 0.0035383434 -0.0006036864 0.0155655543 0.2083000000 1.0000000000 true

1000 0.1000000000 0.0010000000
20424
2.392
5.419
18.215
1816 0.0071777153 0.0058415474 0.0088775795 0.2309000000 1.0000000000 true
1816 0.0028379278 0.0026429026 0.0029466845 0.2363000000 1.0000000000 true
416 0.0032072580 0.0015832398 0.0073175700 0.2556000000 1.0000000000 true
20392
2.363
4.433
31.458
1816 0.0077246282 0.0054195994 0.0094922562 0.2483000000 1.0000000000 true
1816 0.0036293921 0.0032262965 0.0039323201 0.2401000000 1.0000000000 true
624 0.0013371196 -0.0063281708 0.0103704454 0.2580000000 1.0000000000 true

1000 0.0100000000 0.1000000000
20472
1.428
2.615
7.757
6520 0.0003414951 0.0000000000 0.0007654183 0.1533000000 1.0000000000 true
6520 0.0001913447 0.0000000000 0.0002911641 0.1556000000 1.0000000000 true
920 0.0002039138 -0.0001144313 0.0011888142 0.1441000000 1.0000000000 true
20232
1.539
2.383
14.052
6520 0.0003834644 0.0000000000 0.0009907483 0.1685000000 1.0000000000 true
6520 0.0002730278 0.0000000000 0.0005568201 0.1745000000 1.0000000000 true
1728 0.0001488222 -0.0004948304 0.0010440377 0.1794000000 1.0000000000 true

1000 0.0100000000 0.0100000000
20408
2.192
4.372
13.411
11368 0.0002295648 0.0000000000 0.0005029766 0.2013000000 1.0000000000 true
11368 0.0001073500 0.0000000000 0.0001886162 0.1990000000 1.0000000000 true
1568 0.0001274836 -0.0000756430 0.0005019942 0.1838000000 1.0000000000 true
20392
2.003
3.490
23.383
11368 0.0002479268 0.0000000000 0.0006506824 0.1898000000 1.0000000000 true
11368 0.0001629305 0.0000000000 0.0003309729 0.1939000000 1.0000000000 true
2976 0.0000578164 -0.0006307547 0.0006654115 0.1842000000 1.0000000000 true

1000 0.0100000000 0.0010000000
20424
2.435
9.227
18.928
16216 0.0001674323 0.0000000000 0.0003629237 0.2398000000 1.0000000000 true
16216 0.0000765877 0.0000000000 0.0001435742 0.2295000000 1.0000000000 true
2216 0.0000838015 -0.0000717871 0.0004075912 0.2359000000 1.0000000000 true
20312
2.481
4.825
33.174
16216 0.0001608297 0.0000000000 0.0004394380 0.2941000000 1.0000000000 true
16216 0.0001069396 0.0000000000 0.0002287387 0.5145000000 1.0000000000 true
4224 0.0000113627 -0.0006624041 0.0003737749 0.2872000000 1.0000000000 true

1000 0.0010000000 0.1000000000
20280
2.114
2.756
8.880
64120 0.0000008312 0.0000000000 0.0000681191 0.2511000000 1.0000000000 true
64120 0.0000001854 0.0000000000 0.0000674446 0.1952000000 1.0000000000 true
8120 -0.0000136160 -0.0000701424 0.0000343968 0.1673000000 1.0000000000 true
20520
2.063
2.689
14.821
64120 0.0000001454 0.0000000000 0.0000860218 0.1882000000 1.0000000000 true
64120 0.0000085608 0.0000000000 0.0001243913 0.1941000000 1.0000000000 true
16128 -0.0000269878 -0.0003688418 0.0001373874 1.5525000000 1.0000000000 true

1000 0.0010000000 0.0100000000
20344
2.347
4.181
13.198
112168 0.0000000000 0.0000000000 0.0000000000 0.3133000000 1.0000000000 true
112168 0.0000000000 0.0000000000 0.0000000000 0.2861000000 1.0000000000 true
14168 -0.0000135823 -0.0000660260 0.0000666103 0.1895000000 1.0000000000 true
20600
2.472
3.968
24.035
112168 0.0000000000 0.0000000000 0.0000000000 0.2101000000 1.0000000000 true
112168 0.0000069507 0.0000000000 0.0000260730 0.3123000000 1.0000000000 true
28176 -0.0000266151 -0.0002107566 0.0000472573 0.2264000000 1.0000000000 true

1000 0.0010000000 0.0010000000
20536
2.771
5.390
18.613
160216 0.0000000000 0.0000000000 0.0000000000 0.2577000000 1.0000000000 true
160216 0.0000000000 0.0000000000 0.0000000000 0.2835000000 1.0000000000 true
20216 -0.0000145390 -0.0000614048 0.0000149642 0.2915000000 1.0000000000 true
20648
3.315
6.349
35.140
160216 0.0000000000 0.0000000000 0.0000000000 0.3460000000 1.0000000000 true
160216 0.0000061716 0.0000000000 0.0000251014 0.3322000000 1.0000000000 true
40224 -0.0000267510 -0.0002360494 0.0000000000 0.2685000000 1.0000000000 true

10000 0.1000000000 0.1000000000
203656
21.067
37.020
98.506
760 0.0157421069 0.0148707468 0.0169568908 1.8913000000 1.0000000000 true
760 0.0073756570 0.0073352567 0.0073955876 1.6235000000 1.0000000000 true
200 0.0072835419 0.0026235780 0.0427439398 1.7254000000 1.0000000000 true
202840
17.328
26.063
140.066
760 0.0145083074 0.0135990050 0.0158801122 1.8934000000 1.0000000000 true
760 0.0081730015 0.0080798226 0.0082512300 1.7238000000 1.0000000000 true
288 0.0044833806 -0.0000657858 0.0279715058 1.8027000000 1.0000000000 true

10000 0.1000000000 0.0100000000
203784
21.617
46.172
139.651
1288 0.0088084929 0.0084131791 0.0094211122 2.4127000000 1.0000000000 true
1288 0.0034219344 0.0034020992 0.0034334695 2.3942000000 1.0000000000 true
308 0.0035502662 0.0014938943 0.0121648065 2.3220000000 1.0000000000 true
204088
21.025
35.452
232.847
1288 0.0093617955 0.0089169758 0.0102284751 2.1323000000 1.0000000000 true
1288 0.0043543656 0.0042942345 0.0043984822 2.1292000000 1.0000000000 true
456 0.0021192963 -0.0000426806 0.0085277941 3.1352000000 1.0000000000 true

10000 0.1000000000 0.0010000000
203928
25.521
56.269
187.019
1816 0.0060451843 0.0054569635 0.0065050094 2.8755000000 1.0000000000 true
1816 0.0021388781 0.0021242037 0.0021460973 2.8195000000 1.0000000000 true
416 0.0024857774 0.0021019214 0.0084899486 2.8424000000 1.0000000000 true
203512
26.669
46.378
324.795
1816 0.0069968428 0.0067639324 0.0074697638 2.6112000000 1.0000000000 true
1816 0.0028916277 0.0028494756 0.0029179955 2.4560000000 1.0000000000 true
624 0.0013110891 -0.0000317773 0.0063272151 2.4853000000 1.0000000000 true

10000 0.0100000000 0.1000000000
202776
16.339
28.574
84.781
6520 0.0004372543 0.0003255480 0.0005595170 1.7167000000 1.0000000000 true
6520 0.0002049767 0.0000174010 0.0002162697 2.2788000000 1.0000000000 true
920 0.0002432348 0.0000383817 0.0008144666 1.5750000000 1.0000000000 true
203336
15.550
23.226
136.688
6520 0.0005057209 0.0003583420 0.0006721547 1.5194000000 1.0000000000 true
6520 0.0002974119 0.0002372259 0.0003282167 1.4820000000 1.0000000000 true
1728 0.0002150473 -0.0002032361 0.0013490521 1.5142000000 1.0000000000 true

10000 0.0100000000 0.0100000000
203320
23.670
48.891
139.710
11368 0.0003385735 0.0002720233 0.0004223839 3.8361000000 1.0000000000 true
11368 0.0001414573 0.0001324143 0.0001464803 4.3956000000 1.0000000000 true
1568 0.0001588745 0.0000708958 0.0006621525 3.0613000000 1.0000000000 true
203736
21.066
38.040
235.287
11368 0.0003902849 0.0002697065 0.0005255445 2.0758000000 1.0000000000 true
11368 0.0002016551 0.0001659845 0.0002206557 2.0596000000 1.0000000000 true
2976 0.0001097239 -0.0002433563 0.0005232087 2.1383000000 1.0000000000 true

10000 0.0100000000 0.0010000000
202952
24.724
54.912
188.280
16216 0.0002783004 0.0001841990 0.0003477046 2.8845000000 1.0000000000 true
16216 0.0001067520 0.0000989746 0.0001110231 2.6069000000 1.0000000000 true
2216 0.0001228342 0.0000589491 0.0005575662 2.5328000000 1.0000000000 true
203400
25.383
45.903
350.944
16216 0.0003361088 0.0002347961 0.0004254041 2.3685000000 1.0000000000 true
16216 0.0001543832 0.0001184591 0.0001694501 2.3983000000 1.0000000000 true
4224 0.0000678030 -0.0003990036 0.0004473733 3.5070000000 1.0000000000 true

10000 0.0010000000 0.1000000000
203576
18.604
31.051
84.429
64120 0.0000169658 0.0000000000 0.0000386780 1.8174000000 1.0000000000 true
64120 0.0000088209 0.0000000000 0.0000144014 1.7789000000 1.0000000000 true
8120 0.0000100619 -0.0000051140 0.0001156812 1.5068000000 1.0000000000 true
203640
20.308
28.111
156.031
64120 0.0000190422 0.0000000000 0.0000601901 1.6154000000 1.0000000000 true
64120 0.0000137419 0.0000000000 0.0000305857 1.8404000000 1.0000000000 true
16128 0.0000071316 -0.0000543564 0.0000989538 1.6543000000 1.0000000000 true

10000 0.0010000000 0.0100000000
203944
24.395
43.956
137.427
112168 0.0000119267 0.0000000000 0.0000315574 2.1930000000 1.0000000000 true
112168 0.0000058685 0.0000000000 0.0000101915 2.5914000000 1.0000000000 true
14168 0.0000068263 -0.0000042939 0.0000264358 2.0003000000 1.0000000000 true
203784
27.153
39.624
240.154
112168 0.0000130347 0.0000000000 0.0000414535 2.1490000000 1.0000000000 true
112168 0.0000100920 0.0000000000 0.0000237292 2.3352000000 1.0000000000 true
28176 0.0000028498 -0.0000853283 0.0000810183 2.2121000000 1.0000000000 true

10000 0.0010000000 0.0010000000
203144
38.025
67.439
199.763
160216 0.0000094544 0.0000000000 0.0000248161 2.8160000000 1.0000000000 true
160216 0.0000045622 0.0000000000 0.0000082258 2.6510000000 1.0000000000 true
20216 0.0000046292 -0.0000042053 0.0000236145 3.2298000000 1.0000000000 true
203352
40.155
57.667
358.820
160216 0.0000098268 0.0000000000 0.0000297372 2.7204000000 1.0000000000 true
160216 0.0000070861 0.0000000000 0.0000158482 2.8622000000 1.0000000000 true
40224 0.0000005170 -0.0000887326 0.0000292147 5.3778000000 1.0000000000 true

100000 0.1000000000 0.1000000000
2096680
366.872
376.163
934.023
760 0.0149735144 0.0146432407 0.0153671724 75.4840000002 1.0000000000 true
760 0.0069101946 0.0069064600 0.0069121664 47.2969000000 1.0000000000 true
200 0.0077530460 0.0039737627 0.0318279521 61.2234000002 1.0000000000 true
2095432
499.503
484.556
2098.320
760 0.0141805375 0.0140061810 0.0146183208 27.9549000000 1.0000000000 true
760 0.0077554935 0.0077446395 0.0077642240 26.8791000000 1.0000000000 true
288 0.0039267601 -0.0056790056 0.0219824152 26.7468000000 1.0000000000 true

100000 0.1000000000 0.0100000000
2094376
419.628
673.528
1696.702
1288 0.0087779839 0.0086865980 0.0089645751 35.5405000000 1.0000000000 true
1288 0.0033144679 0.0033124746 0.0033155878 35.8449000000 1.0000000000 true
308 0.0038960062 0.0023288455 0.0093267494 34.0842000000 1.0000000000 true
2096824
356.209
470.005
2643.365
1288 0.0094020577 0.0092283050 0.0096726776 39.7298000001 1.0000000000 true
1288 0.0042129589 0.0042057609 0.0042170378 53.0854000001 1.0000000000 true
456 0.0025450205 -0.0000042288 0.0141372747 38.1139000000 1.0000000000 true

100000 0.1000000000 0.0010000000
2092056
467.828
827.369
2176.211
1816 0.0061678208 0.0060843483 0.0063017664 56.6295000001 1.0000000000 true
1816 0.0020873376 0.0020859835 0.0020880718 55.5153000001 1.0000000000 true
416 0.0024081130 0.0008224601 0.0065954689 60.7063000001 1.0000000000 true
2095128
774.326
1165.705
7634.720
1816 0.0070532029 0.0069524018 0.0072453445 56.0138000001 1.0000000000 true
1816 0.0028217210 0.0028183834 0.0028242449 41.6457000000 1.0000000000 true
624 0.0015258283 -0.0000031462 0.0098858376 44.1926000000 1.0000000000 true

100000 0.0100000000 0.1000000000
2095896
352.902
444.797
1036.240
6520 0.0004686717 0.0004395163 0.0005121189 28.8833000000 1.0000000000 true
6520 0.0002181737 0.0002169422 0.0002188876 32.8409000000 1.0000000000 true
920 0.0002484621 0.0000782638 0.0012749328 30.3467000000 1.0000000000 true
2094904
408.518
441.995
2259.953
6520 0.0005475616 0.0004923234 0.0006137613 41.2636000001 1.0000000000 true
6520 0.0003046055 0.0002977764 0.0003081640 47.0831000001 1.0000000000 true
1728 0.0002205238 -0.0002846671 0.0010936730 38.2897000000 1.0000000000 true

100000 0.0100000000 0.0100000000
2095448
460.273
759.667
2002.345
11368 0.0003766603 0.0003446611 0.0004086946 50.0375000001 1.0000000000 true
11368 0.0001446938 0.0001436769 0.0001451760 47.5357000001 1.0000000000 true
1568 0.0001556380 0.0000637321 0.0005198113 66.9236000001 1.0000000000 true
2095832
512.520
574.346
3590.088
11368 0.0004388926 0.0003661693 0.0004955182 49.8429000001 1.0000000000 true
11368 0.0002059602 0.0002025153 0.0002081551 48.6097000002 1.0000000000 true
2976 0.0001077626 -0.0007073256 0.0008229195 39.3120000000 1.0000000000 true

100000 0.0100000000 0.0010000000
2096536
490.666
836.481
2253.192
16216 0.0003177132 0.0002974878 0.0003419908 41.8508000000 1.0000000000 true
16216 0.0001091885 0.0001084355 0.0001096071 44.7203000000 1.0000000000 true
2216 0.0001274677 0.0000264527 0.0004387700 58.6513000001 1.0000000000 true
2092024
488.966
726.831
4031.730
16216 0.0003832560 0.0003569383 0.0004159567 55.0018000001 1.0000000000 true
16216 0.0001570471 0.0001536481 0.0001586406 54.6300000001 1.0000000000 true
4224 0.0000727490 -0.0002032471 0.0003777567 51.8380000001 1.0000000000 true

100000 0.0010000000 0.1000000000
2094744
536.874
557.665
1127.295
64120 0.0000255006 0.0000149657 0.0000338829 40.2814000000 1.0000000000 true
64120 0.0000125592 0.0000116458 0.0000129900 45.6145000000 1.0000000000 true
8120 0.0000142709 0.0000021901 0.0000949218 44.6741000001 1.0000000000 true
2094744
674.679
744.612
2732.215
64120 0.0000307732 0.0000195751 0.0000435719 36.3687000000 1.0000000000 true
64120 0.0000184173 0.0000137978 0.0000203604 32.7829000000 1.0000000000 true
16128 0.0000125073 -0.0000234912 0.0000853793 33.9697000000 1.0000000000 true

100000 0.0010000000 0.0100000000
2095400
659.755
817.301
1564.335
112168 0.0000217403 0.0000142530 0.0000280466 35.7509000000 1.0000000000 true
112168 0.0000090224 0.0000081883 0.0000094084 34.4905000000 1.0000000000 true
14168 0.0000102912 0.0000019041 0.0000418147 33.9043000000 1.0000000000 true
2095112
607.203
754.626
3866.218
112168 0.0000253793 0.0000105002 0.0000358519 71.3497000002 1.0000000000 true
112168 0.0000132089 0.0000100747 0.0000145741 75.7048000002 1.0000000000 true
28176 0.0000069255 -0.0000403609 0.0000367221 48.5409000001 1.0000000000 true

100000 0.0010000000 0.0010000000
2093960
1099.062
1572.927
3636.748
160216 0.0000189921 0.0000135756 0.0000241806 42.8479000001 1.0000000000 true
160216 0.0000071776 0.0000065528 0.0000075111 20.4522999999 1.0000000000 true
20216 0.0000082610 0.0000017203 0.0000369165 20.6229999999 1.0000000000 true
2094696
392.673
546.699
3025.475
160216 0.0000225859 0.0000117867 0.0000317337 20.2491999999 1.0000000000 true
160216 0.0000105496 0.0000078162 0.0000116619 27.2310999999 1.0000000000 true
40224 0.0000045713 -0.0000540123 0.0000308347 29.0732999999 1.0000000000 true

