1000 0.1 0.1
20248
1.445
2.689
7.625
760 0.0447629788 0.0384208852 0.0532391967 0.1567000000 1.0000000000 true
760 0.0224746781 0.0214372941 0.0231202602 0.1704000000 1.0000000000 true
200 0.0226176485 0.0091023839 0.0831426314 0.1495000000 1.0000000000 true
20472
1.456
2.341
13.166
760 0.0249306087 0.0191093264 0.0317523438 0.1460000000 1.0000000000 true
760 0.0155854090 0.0139656715 0.0168789685 0.1410000000 1.0000000000 true
288 0.0085619144 -0.0012232389 0.0663617934 0.1429000000 1.0000000000 true

1000 0.1000000000 0.0100000000
20504
1.834
3.976
12.236
1288 0.0120901260 0.0099691961 0.0152306313 0.1979000000 1.0000000000 true
1288 0.0052892350 0.0049953045 0.0054572095 0.2007000000 1.0000000000 true
308 0.0059747571 0.0027041330 0.0125264984 0.2081000000 1.0000000000 true
20408
1.927
3.467
24.159
1288 0.0121314498 0.0098291117 0.0154878376 0.2082000000 1.0000000000 true
1288 0.0062410399 0.0054442490 0.0067289444 0.3026000000 1.0000000000 true
456 0.0041424808 -0.0005741050 0.0153426866 0.2033000000 1.0000000000 true

1000 0.1000000000 0.0010000000
20536
2.483
5.868
18.271
1816 0.0072853344 0.0060475687 0.0091393033 0.3244000000 1.0000000000 true
1816 0.0028144692 0.0026125068 0.0029147064 0.5239000000 1.0000000000 true
416 0.0033836896 0.0015521259 0.0073225292 0.3319000000 1.0000000000 true
20344
2.483
4.710
31.794
1816 0.0077564764 0.0054623595 0.0097600891 0.2757000000 1.0000000000 true
1816 0.0035150214 0.0030580554 0.0038301459 0.2583000000 1.0000000000 true
624 0.0017563629 -0.0004242890 0.0088667733 0.2804000000 1.0000000000 true

1000 0.0100000000 0.1000000000
20600
1.342
2.400
7.330
6520 0.0003720663 0.0000000000 0.0008002321 0.1451000000 1.0000000000 true
6520 0.0001838431 0.0000000000 0.0002887960 0.1529000000 1.0000000000 true
920 0.0002357610 -0.0001005061 0.0013014903 0.1405000000 1.0000000000 true
20424
1.539
2.240
13.002
6520 0.0003853284 0.0000000000 0.0010432199 0.1661000000 1.0000000000 true
6520 0.0003482761 0.0000000000 0.0006936593 0.1427000000 1.0000000000 true
1728 0.0001536266 -0.0006587032 0.0010443123 0.1763000000 1.0000000000 true

1000 0.0100000000 0.0100000000
20424
1.854
3.763
12.632
11368 0.0002405155 0.0000000000 0.0005588407 0.2186000000 1.0000000000 true
11368 0.0001088810 0.0000000000 0.0001915461 0.2365000000 1.0000000000 true
1568 0.0001153676 -0.0000710893 0.0005045364 0.1907000000 1.0000000000 true
20248
2.063
3.510
23.006
11368 0.0002370826 0.0000000000 0.0007112425 0.2277000000 1.0000000000 true
11368 0.0001640585 0.0000000000 0.0003451618 0.2028000000 1.0000000000 true
2976 0.0000495717 -0.0005447630 0.0006824790 0.1820000000 1.0000000000 true

1000 0.0100000000 0.0010000000
20408
2.388
5.005
17.930
16216 0.0001716278 0.0000000000 0.0004097620 0.2404000000 1.0000000000 true
16216 0.0000831224 0.0000000000 0.0001518530 0.2458000000 1.0000000000 true
2216 0.0000762210 -0.0000634729 0.0003454856 0.2354000000 1.0000000000 true
20520
2.456
4.593
33.167
16216 0.0001779306 0.0000000000 0.0005212330 0.2759000000 1.0000000000 true
16216 0.0001174728 0.0000000000 0.0002490013 0.2179000000 1.0000000000 true
4224 0.0000097222 -0.0005408337 0.0003484566 0.2251000000 1.0000000000 true

1000 0.0010000000 0.1000000000
20376
1.710
2.587
8.341
64120 0.0000009486 0.0000000000 0.0000717848 0.1831000000 1.0000000000 true
64120 0.0000002447 0.0000000000 0.0000683987 0.2454000000 1.0000000000 true
8120 -0.0000130204 -0.0000724620 0.0001083544 0.1388000000 1.0000000000 true
20280
1.622
2.596
13.761
64120 0.0000025083 0.0000000000 0.0001318345 0.1641000000 1.0000000000 true
64120 0.0000105306 0.0000000000 0.0001616838 0.1615000000 1.0000000000 true
16128 -0.0000238467 -0.0001989954 0.0001504903 0.1476000000 1.0000000000 true

1000 0.0010000000 0.0100000000
20616
2.280
3.999
13.684
112168 0.0000000000 0.0000000000 0.0000000000 0.2607000000 1.0000000000 true
112168 0.0000000402 0.0000000000 0.0000486824 0.3293000000 1.0000000000 true
14168 -0.0000149829 -0.0000645189 0.0000275671 0.2336000000 1.0000000000 true
20440
2.718
4.351
25.566
112168 0.0000000111 0.0000000000 0.0000222827 0.2679000000 1.0000000000 true
112168 0.0000070378 0.0000000000 0.0000309784 0.5026000000 1.0000000000 true
28176 -0.0000263155 -0.0002114138 0.0000744568 0.1986000000 1.0000000000 true

1000 0.0010000000 0.0010000000
20280
2.944
5.450
18.220
160216 0.0000000000 0.0000000000 0.0000000000 0.3746000000 1.0000000000 true
160216 0.0000000000 0.0000000000 0.0000000000 0.3939000000 1.0000000000 true
20216 -0.0000137256 -0.0000537828 0.0000093086 0.2808000000 1.0000000000 true
20584
3.006
5.215
34.077
160216 0.0000000000 0.0000000000 0.0000000000 0.3995000000 1.0000000000 true
160216 0.0000062375 0.0000000000 0.0000261651 0.3693000000 1.0000000000 true
40224 -0.0000271412 -0.0002936307 0.0000000000 0.2503000000 1.0000000000 true

10000 0.1000000000 0.1000000000
203128
19.182
31.553
80.431
760 0.0154709245 0.0148055184 0.0164849159 3.2012000000 1.0000000000 true
760 0.0072819884 0.0072460879 0.0073007828 2.0435000000 1.0000000000 true
200 0.0080734627 0.0053482402 0.0431862490 1.7333000000 1.0000000000 true
202856
20.495
26.918
139.327
760 0.0145848872 0.0135766594 0.0160680544 1.7939000000 1.0000000000 true
760 0.0082459925 0.0081338067 0.0083180151 2.0221000000 1.0000000000 true
288 0.0049652734 -0.0000641522 0.0281536343 1.6798000000 1.0000000000 true

10000 0.1000000000 0.0100000000
202216
21.784
45.642
133.840
1288 0.0088153901 0.0084981588 0.0094190790 3.1281000000 1.0000000000 true
1288 0.0035379157 0.0035182437 0.0035488664 2.1829000000 1.0000000000 true
308 0.0035266811 0.0015016302 0.0122369230 2.1914000000 1.0000000000 true
203768
22.917
37.875
233.554
1288 0.0094568497 0.0089382081 0.0103510226 2.0292000000 1.0000000000 true
1288 0.0043889897 0.0043324717 0.0044285927 2.2598000000 1.0000000000 true
456 0.0026038569 -0.0000449960 0.0171445212 1.9950000000 1.0000000000 true

10000 0.1000000000 0.0010000000
203224
26.721
69.057
185.542
1816 0.0061636504 0.0059391597 0.0065340127 2.7362000000 1.0000000000 true
1816 0.0021466486 0.0021330638 0.0021544062 2.6094000000 1.0000000000 true
416 0.0022731412 0.0010468163 0.0085284814 2.6723000000 1.0000000000 true
203624
25.735
47.809
326.016
1816 0.0069363704 0.0066031171 0.0075180723 2.4785000000 1.0000000000 true
1816 0.0028862197 0.0028506805 0.0029093557 2.8595000000 1.0000000000 true
624 0.0011631607 -0.0018465480 0.0063604305 2.4715000000 1.0000000000 true

10000 0.0100000000 0.1000000000
202648
15.798
27.773
81.299
6520 0.0004409847 0.0003204113 0.0005742242 1.9055000000 1.0000000000 true
6520 0.0002173400 0.0002042884 0.0002248570 1.5315000000 1.0000000000 true
920 0.0002455390 0.0000880657 0.0008178526 1.5177000000 1.0000000000 true
203992
17.836
24.460
138.626
6520 0.0005050699 0.0003224750 0.0007218262 1.5812000000 1.0000000000 true
6520 0.0003040415 0.0002573988 0.0003365646 1.4666000000 1.0000000000 true
1728 0.0002216100 -0.0003829721 0.0013525986 1.5011000000 1.0000000000 true

10000 0.0100000000 0.0100000000
203880
20.280
40.767
130.649
11368 0.0003435933 0.0002500904 0.0004284487 1.9847000000 1.0000000000 true
11368 0.0001431440 0.0001341534 0.0001484026 1.9808000000 1.0000000000 true
1568 0.0001610309 0.0000310893 0.0006631564 2.6681000000 1.0000000000 true
203864
23.641
37.157
252.709
11368 0.0003937518 0.0002240315 0.0005190831 2.0384000000 1.0000000000 true
11368 0.0002014610 0.0001622272 0.0002216178 1.9315000000 1.0000000000 true
2976 0.0001098109 -0.0003191882 0.0005617244 1.9797000000 1.0000000000 true

10000 0.0100000000 0.0010000000
203464
25.987
55.554
183.375
16216 0.0002767546 0.0002084251 0.0003552639 2.9158000000 1.0000000000 true
16216 0.0001068687 0.0000982790 0.0001112374 2.5256000000 1.0000000000 true
2216 0.0001238303 0.0000592675 0.0002792870 2.6076000000 1.0000000000 true
203912
25.254
46.276
326.742
16216 0.0003316530 0.0002425216 0.0004269756 2.3046000000 1.0000000000 true
16216 0.0001542008 0.0001300741 0.0001688275 2.3569000000 1.0000000000 true
4224 0.0000642548 -0.0002722118 0.0004480399 2.6394000000 1.0000000000 true

10000 0.0010000000 0.1000000000
202984
21.075
30.100
91.732
64120 0.0000170508 0.0000000000 0.0000435555 2.3425000000 1.0000000000 true
64120 0.0000089631 0.0000000000 0.0000147736 1.8126000000 1.0000000000 true
8120 0.0000110598 -0.0000052973 0.0000602126 1.6827000000 1.0000000000 true
203272
18.089
25.380
143.371
64120 0.0000189459 0.0000000000 0.0000592755 1.5144000000 1.0000000000 true
64120 0.0000140524 0.0000000000 0.0000297741 1.6650000000 1.0000000000 true
16128 0.0000073676 -0.0000550766 0.0000837601 1.5611000000 1.0000000000 true

10000 0.0010000000 0.0100000000
203704
27.328
45.341
135.286
112168 0.0000126909 0.0000000000 0.0000316222 2.4744000000 1.0000000000 true
112168 0.0000058585 0.0000000000 0.0000101440 2.1732000000 1.0000000000 true
14168 0.0000068958 -0.0000046062 0.0000264467 2.3301000000 1.0000000000 true
202088
27.540
42.811
253.823
112168 0.0000134704 0.0000000000 0.0000432837 2.1629000000 1.0000000000 true
112168 0.0000086692 0.0000000000 0.0000200181 2.0850000000 1.0000000000 true
28176 0.0000024315 -0.0000514751 0.0000434291 2.1978000000 1.0000000000 true

10000 0.0010000000 0.0010000000
203784
33.185
58.717
188.346
160216 0.0000098313 0.0000000000 0.0000247891 3.1441000000 1.0000000000 true
160216 0.0000045430 0.0000000000 0.0000081860 2.9927000000 1.0000000000 true
20216 0.0000046377 -0.0000041624 0.0000236329 3.0601000000 1.0000000000 true
203448
40.223
58.485
355.804
160216 0.0000095813 0.0000000000 0.0000308113 3.0960000000 1.0000000000 true
160216 0.0000065700 0.0000000000 0.0000151659 3.1552000000 1.0000000000 true
40224 0.0000005418 -0.0000779652 0.0000334697 2.7900000000 1.0000000000 true

100000 0.1000000000 0.1000000000
2095384
362.489
388.816
943.453
760 0.0149990599 0.0146833544 0.0153304536 33.9873000000 1.0000000000 true
760 0.0069055830 0.0069021791 0.0069074060 42.3920000000 1.0000000000 true
200 0.0078009142 0.0039785329 0.0318649422 33.5431000000 1.0000000000 true
2094952
342.881
368.848
1774.216
760 0.0142251998 0.0140343938 0.0146391636 36.9418000000 1.0000000000 true
760 0.0077820793 0.0077719903 0.0077893486 45.2866000001 1.0000000000 true
288 0.0044363285 -0.0028431883 0.0425533499 45.0250000001 1.0000000000 true

100000 0.1000000000 0.0100000000
2095576
427.491
633.185
1694.159
1288 0.0087259500 0.0085304890 0.0089786354 41.1013000000 1.0000000000 true
1288 0.0033009350 0.0032989738 0.0033019656 42.7652000001 1.0000000000 true
308 0.0040049478 0.0023314299 0.0093366717 51.9442000001 1.0000000000 true
2094360
494.076
724.373
3354.129
1288 0.0094005845 0.0092824230 0.0096947409 30.2195999999 1.0000000000 true
1288 0.0042140904 0.0042095477 0.0042184467 35.8132000000 1.0000000000 true
456 0.0023068529 -0.0000041759 0.0132116827 40.1211000001 1.0000000000 true

100000 0.1000000000 0.0010000000
2095352
444.276
763.850
2175.703
1816 0.0061588904 0.0060966537 0.0062885583 46.4220000000 1.0000000000 true
1816 0.0020824586 0.0020810560 0.0020831598 46.7351000000 1.0000000000 true
416 0.0023984680 0.0016492359 0.0066049433 50.3123000000 1.0000000000 true
2096216
470.817
718.068
3955.267
1816 0.0070388397 0.0069154921 0.0072202436 43.8976000000 1.0000000000 true
1816 0.0028143133 0.0028093748 0.0028172844 47.2772000001 1.0000000000 true
624 0.0012821338 -0.0028318951 0.0099005291 35.6887000000 1.0000000000 true

100000 0.0100000000 0.1000000000
2092456
354.796
440.024
962.802
6520 0.0004686138 0.0004347801 0.0005092818 44.6045000001 1.0000000000 true
6520 0.0002175337 0.0002163814 0.0002181745 42.4053000000 1.0000000000 true
920 0.0002455082 0.0000784095 0.0012773071 67.9830000001 1.0000000000 true
2094056
468.810
535.568
3192.593
6520 0.0005494953 0.0004934606 0.0006133054 59.7736000001 1.0000000000 true
6520 0.0003057629 0.0002999137 0.0003094681 71.6403000001 1.0000000000 true
1728 0.0001922604 -0.0008501837 0.0010949350 43.6886000001 1.0000000000 true

100000 0.0100000000 0.0100000000
2094456
421.787
677.652
1779.840
11368 0.0003791642 0.0003544520 0.0004102363 42.6546000001 1.0000000000 true
11368 0.0001449828 0.0001439626 0.0001454791 40.1991000000 1.0000000000 true
1568 0.0001670271 0.0000638034 0.0005203282 44.9027000001 1.0000000000 true
2094088
501.099
557.098
3111.383
11368 0.0004513712 0.0004229027 0.0004969137 39.6396000000 1.0000000000 true
11368 0.0002057379 0.0002020258 0.0002079289 40.8671000001 1.0000000000 true
2976 0.0001186077 -0.0007079450 0.0008824447 40.4736000000 1.0000000000 true

100000 0.0100000000 0.0010000000
2094072
516.538
892.603
2476.067
16216 0.0003172201 0.0002909536 0.0003410184 93.1666000002 1.0000000000 true
16216 0.0001091019 0.0001083386 0.0001095047 86.3322000002 1.0000000000 true
2216 0.0001232041 0.0000538577 0.0004391645 75.7344000002 1.0000000000 true
2095720
524.621
659.175
3955.049
16216 0.0003824850 0.0003466667 0.0004198370 83.9306000001 1.0000000000 true
16216 0.0001572908 0.0001535395 0.0001589356 83.3377000002 1.0000000000 true
4224 0.0000692495 -0.0002033472 0.0003774436 71.5201000002 1.0000000000 true

100000 0.0010000000 0.1000000000
2094328
548.080
663.633
1428.932
64120 0.0000255866 0.0000178084 0.0000336979 35.2544000000 1.0000000000 true
64120 0.0000125920 0.0000116520 0.0000130432 31.8179000000 1.0000000000 true
8120 0.0000143409 0.0000021913 0.0000474831 40.6440000000 1.0000000000 true
2095768
401.718
433.443
1664.806
64120 0.0000307273 0.0000182988 0.0000437664 26.6027000000 1.0000000000 true
64120 0.0000185158 0.0000143699 0.0000205592 28.2403000000 1.0000000000 true
16128 0.0000124155 -0.0000344878 0.0000854230 28.9027000000 1.0000000000 true

100000 0.0010000000 0.0100000000
2093576
613.336
805.048
1714.947
112168 0.0000216961 0.0000147768 0.0000276330 55.6730000001 1.0000000000 true
112168 0.0000090194 0.0000081827 0.0000093881 90.1803000002 1.0000000000 true
14168 0.0000102146 0.0000018439 0.0000418378 84.4278000001 1.0000000000 true
2096120
1061.373
1266.439
5174.823
112168 0.0000260231 0.0000129893 0.0000357109 41.2694000001 1.0000000000 true
112168 0.0000132478 0.0000103637 0.0000146057 47.3267000001 1.0000000000 true
28176 0.0000070829 -0.0000306606 0.0000367296 41.1713000000 1.0000000000 true

100000 0.0010000000 0.0010000000
2093864
826.676
1113.750
2221.097
160216 0.0000189796 0.0000129506 0.0000244405 74.0036000001 1.0000000000 true
160216 0.0000071789 0.0000066008 0.0000074864 76.2934000002 1.0000000000 true
20216 0.0000082269 0.0000017347 0.0000186933 43.4257000000 1.0000000000 true
2094984
860.016
1032.847
4401.917
160216 0.0000219468 0.0000019969 0.0000302928 60.3032000001 1.0000000000 true
160216 0.0000105487 0.0000075614 0.0000116842 71.0642000001 1.0000000000 true
40224 0.0000046754 -0.0000540398 0.0000325952 84.8766000003 1.0000000000 true

