1000 0.1 0.1
20472
1.610
2.812
7.880
760 0.0438021913 0.0000000000 0.0574551655 0.1625000000 1.0000000000 true
760 0.0221608030 0.0211003867 0.0228054684 0.1493000000 1.0000000000 true
200 0.0260825752 0.0193547078 0.0831328847 0.1294000000 1.0000000000 true
20552
1.543
2.376
13.229
760 0.0247914876 0.0169094132 0.0307571845 0.1377000000 1.0000000000 true
760 0.0157822786 0.0000000000 0.0178419823 0.1581000000 1.0000000000 true
288 0.0103083562 -0.0101570851 0.0675672703 0.1486000000 1.0000000000 true

1000 0.1000000000 0.0100000000
20312
1.912
3.956
12.617
1288 0.0124795167 0.0106232163 0.0150938586 0.2137000000 1.0000000000 true
1288 0.0053033231 0.0050178142 0.0054717181 0.1941000000 1.0000000000 true
308 0.0059223033 0.0012062651 0.0127310713 0.1959000000 1.0000000000 true
20248
1.971
3.496
23.222
1288 0.0117818246 0.0080738050 0.0151903380 0.2406000000 1.0000000000 true
1288 0.0061520650 0.0054451757 0.0066898505 0.2856000000 1.0000000000 true
456 0.0032457435 -0.0051312435 0.0158469426 0.2173000000 1.0000000000 true

1000 0.1000000000 0.0010000000
20488
2.309
5.494
28.376
1816 0.0071555344 0.0052580328 0.0088096713 0.2497000000 1.0000000000 true
1816 0.0027791378 0.0026052657 0.0028793119 0.2622000000 1.0000000000 true
416 0.0030939590 0.0016150455 0.0074814608 0.2552000000 1.0000000000 true
20280
2.429
4.417
31.014
1816 0.0076755622 0.0064707631 0.0094964372 0.2767000000 1.0000000000 true
1816 0.0035776873 0.0024811705 0.0038806919 0.2437000000 1.0000000000 true
624 0.0016008488 -0.0064207276 0.0090417031 0.2211000000 1.0000000000 true

1000 0.0100000000 0.1000000000
20376
1.458
2.588
7.409
6520 0.0003398032 0.0000000000 0.0008261659 0.1502000000 1.0000000000 true
6520 0.0001835760 0.0000000000 0.0002861797 0.1784000000 1.0000000000 true
920 0.0002500323 -0.0000867604 0.0013247143 0.1555000000 1.0000000000 true
20248
1.441
2.236
13.058
6520 0.0003703300 0.0000000000 0.0010686813 0.1600000000 1.0000000000 true
6520 0.0002821885 0.0000000000 0.0005260348 0.1961000000 1.0000000000 true
1728 0.0001474929 -0.0005304646 0.0018294938 0.2995000000 1.0000000000 true

1000 0.0100000000 0.0100000000
20408
1.790
3.663
12.106
11368 0.0002279165 0.0000000000 0.0004910748 0.1948000000 1.0000000000 true
11368 0.0001054284 0.0000000000 0.0001797595 0.2022000000 1.0000000000 true
1568 0.0001177433 -0.0000753182 0.0005131681 0.1950000000 1.0000000000 true
20296
2.026
3.573
22.835
11368 0.0002300523 0.0000000000 0.0006334476 0.2083000000 1.0000000000 true
11368 0.0001738876 0.0000000000 0.0003868112 0.1982000000 1.0000000000 true
2976 0.0000394004 -0.0006786939 0.0007283761 0.2124000000 1.0000000000 true

1000 0.0100000000 0.0010000000
20344
2.336
5.068
17.663
16216 0.0001624874 0.0000000000 0.0003766198 0.2657000000 1.0000000000 true
16216 0.0000733707 0.0000000000 0.0001380667 0.2616000000 1.0000000000 true
2216 0.0000811198 -0.0000694418 0.0003431244 0.2493000000 1.0000000000 true
20488
2.546
4.477
32.907
16216 0.0001692717 0.0000000000 0.0004544395 0.2465000000 1.0000000000 true
16216 0.0001166907 0.0000036767 0.0002632514 0.2481000000 1.0000000000 true
4224 0.0000158125 -0.0005537103 0.0003294319 0.2267000000 1.0000000000 true

1000 0.0010000000 0.1000000000
20408
1.978
3.078
8.685
64120 0.0000000291 0.0000000000 0.0000583248 0.1659000000 1.0000000000 true
64120 0.0000008155 0.0000000000 0.0000720482 0.1665000000 1.0000000000 true
8120 -0.0000140904 -0.0000727344 0.0000432289 0.1694000000 1.0000000000 true
20552
1.751
2.668
14.408
64120 0.0000001062 0.0000000000 0.0000502890 0.1763000000 1.0000000000 true
64120 0.0000083614 0.0000000000 0.0001357803 0.2113000000 1.0000000000 true
16128 -0.0000236127 -0.0001590390 0.0001445809 0.1564000000 1.0000000000 true

1000 0.0010000000 0.0100000000
20376
2.135
3.961
12.976
112168 0.0000000241 0.0000000000 0.0000481907 0.3195000000 1.0000000000 true
112168 0.0000000000 0.0000000000 0.0000000000 0.3892000000 1.0000000000 true
14168 -0.0000147904 -0.0000731785 0.0000232029 0.2634000000 1.0000000000 true
20328
3.708
6.446
28.860
112168 0.0000000295 0.0000000000 0.0000419399 0.2390000000 1.0000000000 true
112168 0.0000072316 0.0000000000 0.0000286958 0.2523000000 1.0000000000 true
28176 -0.0000278069 -0.0001793484 0.0000209700 0.2019000000 1.0000000000 true

1000 0.0010000000 0.0010000000
20408
3.115
6.135
19.789
160216 0.0000000000 0.0000000000 0.0000000000 0.3793000000 1.0000000000 true
160216 0.0000000000 0.0000000000 0.0000000000 0.3735000000 1.0000000000 true
20216 -0.0000146754 -0.0000544309 0.0000183181 0.2658000000 1.0000000000 true
20472
3.527
6.045
33.953
160216 0.0000000000 0.0000000000 0.0000000000 0.4306000000 1.0000000000 true
160216 0.0000063954 0.0000000000 0.0000268806 0.4414000000 1.0000000000 true
40224 -0.0000279457 -0.0002184658 0.0000058649 0.2964000000 1.0000000000 true

10000 0.1000000000 0.1000000000
203960
18.078
33.446
86.445
760 0.0158052667 0.0151669825 0.0170077857 1.7286000000 1.0000000000 true
760 0.0073725970 0.0073378974 0.0073924738 1.8883000000 1.0000000000 true
200 0.0073049819 0.0026439971 0.0215461761 1.7709000000 1.0000000000 true
204168
17.926
25.801
147.178
760 0.0146233376 0.0138299160 0.0161281627 1.5553000000 1.0000000000 true
760 0.0082532330 0.0081297618 0.0083209778 1.6257000000 1.0000000000 true
288 0.0068135803 -0.0000621395 0.0280724199 1.7797000000 1.0000000000 true

10000 0.1000000000 0.0100000000
203624
21.516
43.925
135.788
1288 0.0088318025 0.0085663679 0.0093731783 2.7321000000 1.0000000000 true
1288 0.0034025373 0.0033837535 0.0034134143 2.4277000000 1.0000000000 true
308 0.0037540624 0.0015020665 0.0122252764 2.4690000000 1.0000000000 true
203240
22.426
37.579
258.824
1288 0.0095091232 0.0092031633 0.0101859122 2.3168000000 1.0000000000 true
1288 0.0043516903 0.0042976394 0.0043886652 2.1520000000 1.0000000000 true
456 0.0032591787 -0.0000436445 0.0171421303 2.3592000000 1.0000000000 true

10000 0.1000000000 0.0010000000
203816
25.663
62.191
193.890
1816 0.0061375971 0.0056382364 0.0065406976 2.5838000000 1.0000000000 true
1816 0.0021500609 0.0021372644 0.0021574260 2.6494000000 1.0000000000 true
416 0.0024383302 0.0010463243 0.0085110756 2.7003000000 1.0000000000 true
203672
24.566
45.045
323.904
1816 0.0069663213 0.0065478266 0.0075154715 2.7633000000 1.0000000000 true
1816 0.0029292587 0.0028992803 0.0029506636 2.5233000000 1.0000000000 true
624 0.0015491220 -0.0000310072 0.0063502666 2.5393000000 1.0000000000 true

10000 0.0100000000 0.1000000000
202968
17.990
29.640
87.687
6520 0.0004328712 0.0003172940 0.0005717882 1.4871000000 1.0000000000 true
6520 0.0002151391 0.0002041744 0.0002217464 1.4734000000 1.0000000000 true
920 0.0002474512 0.0000878599 0.0008177959 1.5565000000 1.0000000000 true
203400
17.716
24.270
138.968
6520 0.0005014065 0.0003350400 0.0006796954 1.5279000000 1.0000000000 true
6520 0.0003027615 0.0002529120 0.0003331875 1.6824000000 1.0000000000 true
1728 0.0002116291 -0.0002934026 0.0013549801 1.5536000000 1.0000000000 true

10000 0.0100000000 0.0100000000
202696
21.715
44.852
141.421
11368 0.0003425368 0.0002615789 0.0004322337 1.9358000000 1.0000000000 true
11368 0.0001429429 0.0001335877 0.0001481875 1.9052000000 1.0000000000 true
1568 0.0001605222 0.0000303350 0.0006570699 1.8688000000 1.0000000000 true
203048
20.152
33.505
230.119
11368 0.0003594917 0.0001751832 0.0005336091 2.0015000000 1.0000000000 true
11368 0.0001992944 0.0000017584 0.0002252251 2.0920000000 1.0000000000 true
2976 0.0001068773 -0.0003201801 0.0005626964 2.0112000000 1.0000000000 true

10000 0.0100000000 0.0010000000
202792
26.627
56.641
194.025
16216 0.0002820606 0.0001956596 0.0003534849 2.5580000000 1.0000000000 true
16216 0.0001073596 0.0000988884 0.0001119323 2.4611000000 1.0000000000 true
2216 0.0001235169 0.0000250636 0.0002796601 2.6358000000 1.0000000000 true
203400
23.923
43.651
328.212
16216 0.0003135581 0.0000000000 0.0004429460 2.7732000000 1.0000000000 true
16216 0.0001549897 0.0001296672 0.0001697188 2.6595000000 1.0000000000 true
4224 0.0000657630 -0.0002723511 0.0004485783 2.9401000000 1.0000000000 true

10000 0.0010000000 0.1000000000
203352
18.678
30.296
85.073
64120 0.0000169264 0.0000000000 0.0000418151 1.9257000000 1.0000000000 true
64120 0.0000088716 0.0000000000 0.0000143905 2.4961000000 1.0000000000 true
8120 0.0000105555 -0.0000051311 0.0000603341 1.8240000000 1.0000000000 true
203064
20.662
31.180
148.646
64120 0.0000205861 0.0000000000 0.0000673784 1.7791000000 1.0000000000 true
64120 0.0000136072 0.0000000000 0.0000310641 1.5751000000 1.0000000000 true
16128 0.0000086698 -0.0000666128 0.0001050053 1.8634000000 1.0000000000 true

10000 0.0010000000 0.0100000000
203576
25.015
46.976
141.885
112168 0.0000130181 0.0000000000 0.0000305474 3.2939000000 1.0000000000 true
112168 0.0000059746 0.0000000000 0.0000104245 4.4603000000 1.0000000000 true
14168 0.0000064159 -0.0000045640 0.0000265020 1.9469000000 1.0000000000 true
202936
26.878
44.384
249.547
112168 0.0000134998 0.0000000000 0.0000402347 2.6031000000 1.0000000000 true
112168 0.0000088595 0.0000000000 0.0000205299 2.5862000000 1.0000000000 true
28176 0.0000031612 -0.0000851771 0.0000434864 5.6130000000 1.0000000000 true

10000 0.0010000000 0.0010000000
203176
39.531
65.581
203.792
160216 0.0000096067 0.0000000000 0.0000224702 3.2978000000 1.0000000000 true
160216 0.0000045761 0.0000000000 0.0000082005 2.4931000000 1.0000000000 true
20216 0.0000046311 -0.0000049573 0.0000236748 2.3777000000 1.0000000000 true
203816
46.235
67.594
367.894
160216 0.0000104933 0.0000000000 0.0000315476 4.0076000000 1.0000000000 true
160216 0.0000068564 0.0000000000 0.0000152284 5.1243000000 1.0000000000 true
40224 0.0000004511 -0.0000885776 0.0000292350 4.1264000000 1.0000000000 true

100000 0.1000000000 0.1000000000
2097688
372.313
394.667
960.582
760 0.0150574005 0.0149375708 0.0153533463 54.8675000001 1.0000000000 true
760 0.0069293118 0.0069258255 0.0069312331 61.5330000001 1.0000000000 true
200 0.0073333664 0.0039770879 0.0318553159 95.5171000002 1.0000000000 true
2093640
475.266
596.766
2386.187
760 0.0142056631 0.0139695612 0.0146510707 29.4339000000 1.0000000000 true
760 0.0077719809 0.0077637445 0.0077801635 27.6708000000 1.0000000000 true
288 0.0057256422 -0.0000063816 0.0425311798 29.5362000000 1.0000000000 true

100000 0.1000000000 0.0100000000
2096152
420.419
750.353
1863.714
1288 0.0087325704 0.0086074891 0.0089329936 35.2219000000 1.0000000000 true
1288 0.0033001088 0.0032980129 0.0033011635 37.6704000000 1.0000000000 true
308 0.0038601376 0.0023302927 0.0093321890 43.9938000001 1.0000000000 true
2092920
466.301
597.961
3247.295
1288 0.0094369371 0.0092690679 0.0096871967 36.6995000000 1.0000000000 true
1288 0.0042138377 0.0042070252 0.0042184481 39.2007000001 1.0000000000 true
456 0.0020955393 -0.0037755314 0.0141424894 33.2378000000 1.0000000000 true

100000 0.1000000000 0.0010000000
2094680
461.050
837.788
2313.670
1816 0.0061702247 0.0060852023 0.0063249956 43.0302000000 1.0000000000 true
1816 0.0020881818 0.0020867681 0.0020888943 46.3215000001 1.0000000000 true
416 0.0024011768 0.0016469625 0.0065960401 43.1173000000 1.0000000000 true
2093800
487.519
729.674
4358.069
1816 0.0070300765 0.0069394046 0.0072084473 69.0954000002 1.0000000000 true
1816 0.0028146210 0.0028103295 0.0028175176 71.6846000002 1.0000000000 true
624 0.0012603677 -0.0000031576 0.0098877526 80.6217000002 1.0000000000 true

100000 0.0100000000 0.1000000000
2096344
395.701
530.402
1441.538
6520 0.0004692138 0.0004393078 0.0005111213 33.4387000000 1.0000000000 true
6520 0.0002177838 0.0002165887 0.0002184181 33.1277000000 1.0000000000 true
920 0.0002427969 0.0000781872 0.0012754289 35.5417000000 1.0000000000 true
2095864
413.663
412.040
2361.755
6520 0.0005513024 0.0005064635 0.0006180196 53.5462000001 1.0000000000 true
6520 0.0003055296 0.0002997134 0.0003087385 46.3978000000 1.0000000000 true
1728 0.0002001634 -0.0002846171 0.0010934809 49.2417000001 1.0000000000 true

100000 0.0100000000 0.0100000000
2096680
384.292
592.193
1615.802
11368 0.0003783568 0.0003457692 0.0004087762 35.3004000000 1.0000000000 true
11368 0.0001449054 0.0001438709 0.0001454092 38.7244000000 1.0000000000 true
1568 0.0001647485 0.0000637048 0.0005196529 35.2560000000 1.0000000000 true
2094824
470.188
580.417
3802.852
11368 0.0004509435 0.0004076369 0.0004999285 62.0700000001 1.0000000000 true
11368 0.0002058114 0.0002019426 0.0002078534 64.9695000001 1.0000000000 true
2976 0.0001101593 -0.0002371348 0.0008798621 62.7835000002 1.0000000000 true

100000 0.0100000000 0.0010000000
2094728
445.496
769.120
2343.731
16216 0.0003166215 0.0002990081 0.0003399742 46.1568000000 1.0000000000 true
16216 0.0001088843 0.0001080558 0.0001092877 48.4550000001 1.0000000000 true
2216 0.0001225341 0.0000537802 0.0004387509 46.5289000000 1.0000000000 true
2095048
538.914
769.358
4696.744
16216 0.0003805068 0.0003389756 0.0004169752 38.4279000000 1.0000000000 true
16216 0.0001571468 0.0001537858 0.0001587657 42.1865000001 1.0000000000 true
4224 0.0000690828 -0.0003038399 0.0003777326 39.7104000000 1.0000000000 true

100000 0.0010000000 0.1000000000
2093976
377.340
479.863
942.300
64120 0.0000255977 0.0000163222 0.0000340229 34.1126000000 1.0000000000 true
64120 0.0000126027 0.0000116306 0.0000130728 35.0706000000 1.0000000000 true
8120 0.0000141577 0.0000021663 0.0000942610 33.8033000000 1.0000000000 true
2094632
541.768
624.311
2829.395
64120 0.0000306938 0.0000182723 0.0000435836 84.0832000002 1.0000000000 true
64120 0.0000184740 0.0000144167 0.0000205308 78.3127000001 1.0000000000 true
16128 0.0000125447 -0.0000674268 0.0000853496 73.1323000001 1.0000000000 true

100000 0.0010000000 0.0100000000
2091976
987.200
1358.583
3064.216
112168 0.0000216814 0.0000154285 0.0000273202 62.2179000001 1.0000000000 true
112168 0.0000090081 0.0000081710 0.0000093653 48.0691000001 1.0000000000 true
14168 0.0000102169 0.0000018578 0.0000418045 54.5622000001 1.0000000000 true
2093448
691.317
734.334
2953.588
112168 0.0000259330 0.0000148680 0.0000358534 66.9539000001 1.0000000000 true
112168 0.0000132154 0.0000101127 0.0000146099 51.0637000001 1.0000000000 true
28176 0.0000068899 -0.0000403936 0.0000367041 44.4841000000 1.0000000000 true

100000 0.0010000000 0.0010000000
2098232
740.695
1103.032
2438.540
160216 0.0000189047 0.0000129191 0.0000241138 55.2838000001 1.0000000000 true
160216 0.0000071642 0.0000065462 0.0000074723 56.1411000001 1.0000000000 true
20216 0.0000082565 0.0000016742 0.0000373659 68.9482000002 1.0000000000 true
2095880
964.600
1258.016
4727.313
160216 0.0000213705 0.0000000000 0.0000304934 32.8612000000 1.0000000000 true
160216 0.0000105394 0.0000078018 0.0000115995 34.1455000000 1.0000000000 true
40224 0.0000042716 -0.0000319213 0.0000330309 26.2117999999 1.0000000000 true

