1000 0.1 0.1
20520
1.482
2.762
7.965
760 0.0445014236 0.0367798856 0.0567258610 0.1547000000 1.0000000000 true
760 0.0221319555 0.0210963097 0.0227807278 0.1448000000 1.0000000000 true
200 0.0222328777 0.0091307786 0.0841284677 0.1453000000 1.0000000000 true
20504
1.470
2.296
13.388
760 0.0247455917 0.0189590561 0.0322925633 0.1590000000 1.0000000000 true
760 0.0151464490 0.0134856666 0.0166375390 0.1474000000 1.0000000000 true
288 0.0101397967 -0.0011738008 0.0667762214 0.1519000000 1.0000000000 true

1000 0.1000000000 0.0100000000
20744
1.976
3.983
13.047
1288 0.0123503134 0.0061804697 0.0155618693 0.2002000000 1.0000000000 true
1288 0.0054622846 0.0017372962 0.0056546686 0.1972000000 1.0000000000 true
308 0.0062077501 0.0027335510 0.0125915540 0.2025000000 1.0000000000 true
20328
2.833
3.520
23.162
1288 0.0123281467 0.0095305200 0.0151196193 0.5296000000 1.0000000000 true
1288 0.0062297206 0.0054178274 0.0068183543 0.5272000000 1.0000000000 true
456 0.0038278061 -0.0050167478 0.0155402109 0.4136000000 1.0000000000 true

1000 0.1000000000 0.0010000000
20408
2.610
5.454
19.377
1816 0.0074035147 0.0066560175 0.0086594412 0.2824000000 1.0000000000 true
1816 0.0028024850 0.0026294936 0.0029067531 0.2583000000 1.0000000000 true
416 0.0034066812 0.0015991614 0.0073250179 0.2564000000 1.0000000000 true
20344
2.327
4.568
34.444
1816 0.0076413199 0.0059218050 0.0096836547 0.2372000000 1.0000000000 true
1816 0.0035449499 0.0031170438 0.0038948590 0.2274000000 1.0000000000 true
624 0.0018723681 -0.0063251701 0.0088827075 0.2322000000 1.0000000000 true

1000 0.0100000000 0.1000000000
20440
1.431
2.471
7.598
6520 0.0003419257 0.0000000000 0.0007645941 0.1500000000 1.0000000000 true
6520 0.0001799637 0.0000000000 0.0002875179 0.1537000000 1.0000000000 true
920 0.0002064377 -0.0001132261 0.0012035042 0.1395000000 1.0000000000 true
20392
1.484
2.293
13.695
6520 0.0003761322 0.0000000000 0.0009470078 0.1562000000 1.0000000000 true
6520 0.0003193722 0.0000000000 0.0005943291 0.1479000000 1.0000000000 true
1728 0.0001498022 -0.0008338023 0.0010449742 0.1518000000 1.0000000000 true

1000 0.0100000000 0.0100000000
20504
1.845
3.698
12.213
11368 0.0002165766 0.0000000000 0.0004745174 0.2057000000 1.0000000000 true
11368 0.0001057195 0.0000000000 0.0001759669 0.1872000000 1.0000000000 true
1568 0.0001192538 -0.0000790862 0.0005051633 0.1904000000 1.0000000000 true
20328
1.949
3.388
22.891
11368 0.0002256546 0.0000000000 0.0005999430 0.2027000000 1.0000000000 true
11368 0.0001589950 0.0000000000 0.0003463228 0.1987000000 1.0000000000 true
2976 0.0000408562 -0.0006191831 0.0006725308 0.2132000000 1.0000000000 true

1000 0.0100000000 0.0010000000
20376
2.372
5.042
17.552
16216 0.0001593212 0.0000000000 0.0004083052 0.2501000000 1.0000000000 true
16216 0.0000770981 0.0000000000 0.0001355638 0.2517000000 1.0000000000 true
2216 0.0000802645 -0.0000572918 0.0004123399 0.2366000000 1.0000000000 true
20568
2.491
5.225
36.997
16216 0.0001778765 0.0000000000 0.0004472151 0.2263000000 1.0000000000 true
16216 0.0001126754 0.0000000000 0.0002381748 0.2407000000 1.0000000000 true
4224 0.0000100406 -0.0006569838 0.0003721937 0.2191000000 1.0000000000 true

1000 0.0010000000 0.1000000000
20360
1.621
2.544
8.715
64120 0.0000002295 0.0000000000 0.0000680382 0.1712000000 1.0000000000 true
64120 0.0000000119 0.0000000000 0.0000088450 0.1943000000 1.0000000000 true
8120 -0.0000132986 -0.0000707598 0.0001013770 0.1633000000 1.0000000000 true
20360
2.523
3.359
15.965
64120 0.0000000081 0.0000000000 0.0000161950 0.1880000000 1.0000000000 true
64120 0.0000087496 0.0000000000 0.0001426402 0.2229000000 1.0000000000 true
16128 -0.0000249564 -0.0001731615 0.0001114961 0.1751000000 1.0000000000 true

1000 0.0010000000 0.0100000000
20552
3.165
6.233
14.563
112168 0.0000000000 0.0000000000 0.0000000000 0.2729000000 1.0000000000 true
112168 0.0000000276 0.0000000000 0.0000552278 0.6135000000 1.0000000000 true
14168 -0.0000150479 -0.0000616907 0.0000264389 1.6948000000 1.0000000000 true
20296
2.789
4.389
25.190
112168 0.0000000000 0.0000000000 0.0000000000 0.3347000000 1.0000000000 true
112168 0.0000071014 0.0000000000 0.0000288290 0.2197000000 1.0000000000 true
28176 -0.0000282000 -0.0002681643 0.0000364442 0.2626000000 1.0000000000 true

1000 0.0010000000 0.0010000000
20344
2.706
5.792
18.162
160216 0.0000000000 0.0000000000 0.0000000000 0.3558000000 1.0000000000 true
160216 0.0000000000 0.0000000000 0.0000000000 0.2998000000 1.0000000000 true
20216 -0.0000141226 -0.0000584897 0.0000175987 0.2529000000 1.0000000000 true
20552
3.507
6.164
34.033
160216 0.0000000000 0.0000000000 0.0000000000 0.2878000000 1.0000000000 true
160216 0.0000062544 0.0000000000 0.0000275875 1.0484000000 1.0000000000 true
40224 -0.0000275363 -0.0001940808 0.0000154877 0.3415000000 1.0000000000 true

10000 0.1000000000 0.1000000000
202808
19.292
31.460
87.265
760 0.0155858889 0.0149645745 0.0166101556 1.9784000000 1.0000000000 true
760 0.0073293677 0.0072959238 0.0073491236 2.4199000000 1.0000000000 true
200 0.0072794633 0.0026419277 0.0215212840 2.0280000000 1.0000000000 true
203192
20.819
34.871
143.855
760 0.0145317040 0.0138000301 0.0161950257 1.6185000000 1.0000000000 true
760 0.0081736921 0.0080782333 0.0082587079 1.6054000000 1.0000000000 true
288 0.0044166368 -0.0075377223 0.0261672153 2.2525000000 1.0000000000 true

10000 0.1000000000 0.0100000000
203384
21.367
43.627
132.214
1288 0.0087103028 0.0082488583 0.0094344188 2.5049000000 1.0000000000 true
1288 0.0034216558 0.0033979244 0.0034321697 2.5674000000 1.0000000000 true
308 0.0038218143 0.0014987942 0.0121971284 2.3496000000 1.0000000000 true
203176
24.943
39.433
242.365
1288 0.0092615525 0.0087401012 0.0101139043 2.1924000000 1.0000000000 true
1288 0.0043543411 0.0042726262 0.0043947056 3.6487000000 1.0000000000 true
456 0.0022543950 -0.0049415969 0.0091806028 2.4754000000 1.0000000000 true

10000 0.1000000000 0.0010000000
202824
29.286
62.385
194.580
1816 0.0060954954 0.0059058654 0.0064390411 2.9287000000 1.0000000000 true
1816 0.0021196469 0.0021061090 0.0021272274 2.6231000000 1.0000000000 true
416 0.0021842105 0.0010475793 0.0042715321 2.6998000000 1.0000000000 true
202904
27.433
49.434
340.270
1816 0.0069656327 0.0064641353 0.0075433778 2.4084000000 1.0000000000 true
1816 0.0029013880 0.0028636270 0.0029329871 2.5121000000 1.0000000000 true
624 0.0011307218 -0.0036673159 0.0063638129 2.5326000000 1.0000000000 true

10000 0.0100000000 0.1000000000
202968
16.602
28.868
81.388
6520 0.0004402813 0.0003348817 0.0005740544 1.4860000000 1.0000000000 true
6520 0.0002177841 0.0002047054 0.0002254857 1.5590000000 1.0000000000 true
920 0.0002520963 0.0000387632 0.0008183222 2.2908000000 1.0000000000 true
203176
16.793
23.855
142.303
6520 0.0005070368 0.0003304020 0.0006881173 1.7237000000 1.0000000000 true
6520 0.0003053349 0.0002563920 0.0003356885 1.4656000000 1.0000000000 true
1728 0.0002332471 -0.0000249343 0.0013913009 1.4857000000 1.0000000000 true

10000 0.0100000000 0.0100000000
202792
23.793
40.731
134.045
11368 0.0003394329 0.0002448860 0.0004348753 3.5455000000 1.0000000000 true
11368 0.0001416267 0.0001327412 0.0001466072 3.4911000000 1.0000000000 true
1568 0.0001620706 0.0000713575 0.0003320556 2.0017000000 1.0000000000 true
202824
21.794
38.366
245.448
11368 0.0003979535 0.0002773520 0.0005331776 6.1529000000 1.0000000000 true
11368 0.0002010341 0.0001607148 0.0002206076 2.1520000000 1.0000000000 true
2976 0.0000963582 -0.0003184276 0.0005248307 2.2188000000 1.0000000000 true

10000 0.0100000000 0.0010000000
203416
26.426
57.804
194.588
16216 0.0002705305 0.0001272294 0.0003467905 2.7718000000 1.0000000000 true
16216 0.0001064104 0.0000986830 0.0001104976 2.6835000000 1.0000000000 true
2216 0.0001224337 0.0000256098 0.0002796587 2.4996000000 1.0000000000 true
202488
25.612
49.336
350.626
16216 0.0003315532 0.0001907201 0.0004283847 2.3530000000 1.0000000000 true
16216 0.0001547111 0.0001295044 0.0001692508 2.7643000000 1.0000000000 true
4224 0.0000656998 -0.0002736554 0.0004486647 2.6533000000 1.0000000000 true

10000 0.0010000000 0.1000000000
203368
20.666
31.531
84.272
64120 0.0000181886 0.0000000000 0.0000489557 1.7134000000 1.0000000000 true
64120 0.0000091496 0.0000000000 0.0000151403 1.5634000000 1.0000000000 true
8120 0.0000100026 -0.0000054199 0.0000602668 1.7325000000 1.0000000000 true
203624
19.341
29.896
146.436
64120 0.0000185569 0.0000000000 0.0000556132 1.7551000000 1.0000000000 true
64120 0.0000137352 0.0000000000 0.0000303742 1.6340000000 1.0000000000 true
16128 0.0000077117 -0.0000412455 0.0000992624 1.6226000000 1.0000000000 true

10000 0.0010000000 0.0100000000
203704
24.722
44.786
147.563
112168 0.0000123697 0.0000000000 0.0000315633 2.4476000000 1.0000000000 true
112168 0.0000060777 0.0000000000 0.0000103656 2.1656000000 1.0000000000 true
14168 0.0000063972 -0.0000049237 0.0000264841 6.9502000000 1.0000000000 true
202872
31.579
42.018
268.578
112168 0.0000127695 0.0000000000 0.0000365668 3.0466000000 1.0000000000 true
112168 0.0000089698 0.0000000000 0.0000203203 2.4322000000 1.0000000000 true
28176 0.0000028985 -0.0000616398 0.0000465572 2.8071000000 1.0000000000 true

10000 0.0010000000 0.0010000000
203976
33.160
65.315
207.846
160216 0.0000096264 0.0000000000 0.0000232373 2.5463000000 1.0000000000 true
160216 0.0000045452 0.0000000000 0.0000081932 2.5735000000 1.0000000000 true
20216 0.0000045653 -0.0000046752 0.0000236539 2.5390000000 1.0000000000 true
203400
43.883
72.453
400.810
160216 0.0000098024 0.0000000000 0.0000304335 3.9279000000 1.0000000000 true
160216 0.0000068565 0.0000000000 0.0000152603 4.3175000000 1.0000000000 true
40224 0.0000004701 -0.0000740780 0.0000390665 3.9097000000 1.0000000000 true

100000 0.1000000000 0.1000000000
2093848
360.220
387.436
915.263
760 0.0149543215 0.0147604800 0.0153545461 79.1896000001 1.0000000000 true
760 0.0068956441 0.0068920246 0.0068975004 71.3813000001 1.0000000000 true
200 0.0080871241 0.0039825670 0.0318989584 62.5407000001 1.0000000000 true
2096408
621.725
758.041
4079.934
760 0.0142007692 0.0140313686 0.0145925054 46.2901000001 1.0000000000 true
760 0.0077642531 0.0077564564 0.0077715010 46.3176000000 1.0000000000 true
288 0.0052291838 -0.0000062650 0.0426208178 46.3485000000 1.0000000000 true

100000 0.1000000000 0.0100000000
2094760
419.712
663.398
1829.207
1288 0.0087798656 0.0087260080 0.0089561731 38.0458000000 1.0000000000 true
1288 0.0033102779 0.0033083065 0.0033113364 41.1320000001 1.0000000000 true
308 0.0036163850 0.0023332864 0.0093443204 43.1172000000 1.0000000000 true
2095032
490.400
600.340
3734.559
1288 0.0094210294 0.0092742132 0.0096653585 68.4818000002 1.0000000000 true
1288 0.0042177442 0.0042109069 0.0042215831 59.8399000001 1.0000000000 true
456 0.0019798230 -0.0037810764 0.0141622043 72.9657000001 1.0000000000 true

100000 0.1000000000 0.0010000000
2093528
443.853
818.297
2579.420
1816 0.0061890543 0.0061372068 0.0063009365 39.4054000000 1.0000000000 true
1816 0.0020892349 0.0020878691 0.0020899604 38.3849000000 1.0000000000 true
416 0.0023959882 0.0016493415 0.0066052148 50.6493000001 1.0000000000 true
2093688
509.390
723.877
3808.764
1816 0.0069976724 0.0069279992 0.0072214414 58.2267000001 1.0000000000 true
1816 0.0028061020 0.0028023805 0.0028091505 49.7212000001 1.0000000000 true
624 0.0013989254 -0.0014182988 0.0099067021 61.8344000001 1.0000000000 true

100000 0.0100000000 0.1000000000
2096104
664.152
910.354
2415.654
6520 0.0004693468 0.0004368354 0.0005112774 39.9707000001 1.0000000000 true
6520 0.0002179335 0.0002167360 0.0002186175 29.4178000000 1.0000000000 true
920 0.0002545217 0.0000784391 0.0012777890 31.1607000000 1.0000000000 true
2097560
385.074
390.699
2101.762
6520 0.0005515584 0.0004869676 0.0006085930 39.0490000000 1.0000000000 true
6520 0.0003059187 0.0003011776 0.0003093394 34.6325000000 1.0000000000 true
1728 0.0002165021 -0.0002850695 0.0010955002 48.0550000001 1.0000000000 true

100000 0.0100000000 0.0100000000
2095208
448.700
658.282
1866.417
11368 0.0003774965 0.0003406228 0.0004084295 64.0543000001 1.0000000000 true
11368 0.0001448850 0.0001440348 0.0001453695 77.5815000002 1.0000000000 true
1568 0.0001686618 0.0000638981 0.0005206464 47.1374000001 1.0000000000 true
2096664
438.329
546.924
2910.279
11368 0.0004518135 0.0004124856 0.0004958119 45.1006000000 1.0000000000 true
11368 0.0002065431 0.0002030885 0.0002085708 64.5235000001 1.0000000000 true
2976 0.0001208288 -0.0001197407 0.0008240515 82.9405000002 1.0000000000 true

100000 0.0100000000 0.0010000000
2092248
560.014
942.088
2688.004
16216 0.0003156684 0.0002933824 0.0003400631 123.0299000001 1.0000000000 true
16216 0.0001088658 0.0001081147 0.0001092614 76.0084000000 1.0000000000 true
2216 0.0001289238 0.0000539635 0.0004394801 133.7163000003 1.0000000000 true
2094376
567.251
750.013
4074.512
16216 0.0003838849 0.0003573091 0.0004202148 94.6706000001 1.0000000000 true
16216 0.0001576605 0.0001547340 0.0001592959 76.8515000002 1.0000000000 true
4224 0.0000668009 -0.0006069065 0.0003782469 73.2389000002 1.0000000000 true

100000 0.0010000000 0.1000000000
2092424
568.716
656.048
1371.910
64120 0.0000255825 0.0000176322 0.0000340985 23.5744000000 1.0000000000 true
64120 0.0000126044 0.0000116871 0.0000130791 26.4895000000 1.0000000000 true
8120 0.0000142688 0.0000021518 0.0000475083 30.6501000000 1.0000000000 true
2097304
362.999
395.584
1563.129
64120 0.0000307317 0.0000149786 0.0000459157 34.6659000000 1.0000000000 true
64120 0.0000185031 0.0000140095 0.0000205242 39.0996000001 1.0000000000 true
16128 0.0000126772 -0.0000344906 0.0000854567 38.7433000000 1.0000000000 true

100000 0.0010000000 0.0100000000
2094888
686.242
941.539
1987.190
112168 0.0000208981 0.0000000000 0.0000283642 53.4682000001 1.0000000000 true
112168 0.0000089948 0.0000081654 0.0000093662 62.8342000001 1.0000000000 true
14168 0.0000102382 0.0000018599 0.0000418539 41.6614000000 1.0000000000 true
2095320
672.351
763.767
2759.806
112168 0.0000260939 0.0000134503 0.0000354989 36.7094000000 1.0000000000 true
112168 0.0000131998 0.0000101583 0.0000146178 40.0533000000 1.0000000000 true
28176 0.0000071422 -0.0000306758 0.0000367478 40.5968000000 1.0000000000 true

100000 0.0010000000 0.0010000000
2093448
874.099
1253.054
2657.003
160216 0.0000189253 0.0000124304 0.0000240524 39.0072000001 1.0000000000 true
160216 0.0000073469 0.0000003608 0.0000076902 36.0080000000 1.0000000000 true
20216 0.0000081395 0.0000016988 0.0000187003 28.7261999999 1.0000000000 true
2094616
416.823
591.301
3214.357
160216 0.0000223619 0.0000000000 0.0000304772 20.5975999999 1.0000000000 true
160216 0.0000105279 0.0000079088 0.0000116243 23.3166999999 1.0000000000 true
40224 0.0000045258 -0.0000275840 0.0000308604 20.4586999999 1.0000000000 true

