1000 0.1 0.1
20408
1.488
2.687
7.653
760 0.0452976567 0.0391422228 0.0561034969 0.1625000000 1.0000000000 true
760 0.0222602929 0.0211135306 0.0228854447 0.1457000000 1.0000000000 true
200 0.0259005195 0.0095427181 0.0874322189 0.1486000000 1.0000000000 true
20280
1.505
2.362
13.584
760 0.0252197240 0.0164960333 0.0325355671 0.1538000000 1.0000000000 true
760 0.0155440584 0.0136196428 0.0168151398 0.1505000000 1.0000000000 true
288 0.0109619037 -0.0011478970 0.0340380269 0.1751000000 1.0000000000 true

1000 0.1000000000 0.0100000000
20520
1.842
3.972
12.271
1288 0.0124292212 0.0094512243 0.0157104783 0.1973000000 1.0000000000 true
1288 0.0053381112 0.0050466794 0.0055111360 0.2072000000 1.0000000000 true
308 0.0060427323 0.0027680367 0.0127647636 0.2277000000 1.0000000000 true
20488
2.023
3.571
23.448
1288 0.0119611810 0.0095711784 0.0149876155 0.2705000000 1.0000000000 true
1288 0.0061099420 0.0051840194 0.0066825596 0.5297000000 1.0000000000 true
456 0.0027226704 -0.0051397494 0.0158663754 0.1985000000 1.0000000000 true

1000 0.1000000000 0.0010000000
20296
2.268
5.184
17.435
1816 0.0068907186 0.0038249820 0.0086979542 0.2432000000 1.0000000000 true
1816 0.0028466610 0.0026784003 0.0029522653 0.2584000000 1.0000000000 true
416 0.0031377946 0.0016176296 0.0074765161 0.4729000000 1.0000000000 true
20424
2.461
4.851
32.618
1816 0.0081822261 0.0068856172 0.0101618383 0.2150000000 1.0000000000 true
1816 0.0037457018 0.0032031564 0.0040711650 0.2176000000 1.0000000000 true
624 0.0017020810 -0.0033858181 0.0104745552 0.2429000000 1.0000000000 true

1000 0.0100000000 0.1000000000
20248
1.660
2.887
8.715
6520 0.0003466438 0.0000000000 0.0007698763 0.2181000000 1.0000000000 true
6520 0.0002169947 0.0000000000 0.0003207818 0.1943000000 1.0000000000 true
920 0.0002259131 -0.0001039333 0.0011830432 0.1422000000 1.0000000000 true
20392
1.563
2.560
14.629
6520 0.0003793113 0.0000000000 0.0009614635 0.1410000000 1.0000000000 true
6520 0.0002777438 0.0000000000 0.0006080489 0.1452000000 1.0000000000 true
1728 0.0001397742 -0.0010591465 0.0009856099 0.2434000000 1.0000000000 true

1000 0.0100000000 0.0100000000
20344
2.078
4.274
14.191
11368 0.0002353584 0.0000000000 0.0005387958 0.1830000000 1.0000000000 true
11368 0.0001104624 0.0000000000 0.0001905134 0.2306000000 1.0000000000 true
1568 0.0001183176 -0.0000902954 0.0005070435 0.2107000000 1.0000000000 true
20328
1.876
3.257
23.379
11368 0.0002432242 0.0000000000 0.0006777278 0.2438000000 1.0000000000 true
11368 0.0001648022 0.0000000000 0.0003681592 0.2030000000 1.0000000000 true
2976 0.0000649140 -0.0006523676 0.0008395079 0.1804000000 1.0000000000 true

1000 0.0100000000 0.0010000000
20376
2.411
5.319
18.397
16216 0.0001704449 0.0000000000 0.0003504986 0.2675000000 1.0000000000 true
16216 0.0000783146 0.0000000000 0.0001377822 0.2356000000 1.0000000000 true
2216 0.0000853344 -0.0000531791 0.0004117352 0.2447000000 1.0000000000 true
20440
2.444
5.327
32.132
16216 0.0001606204 0.0000000000 0.0005205110 0.2595000000 1.0000000000 true
16216 0.0001170474 0.0000000000 0.0002555236 0.2458000000 1.0000000000 true
4224 0.0000062921 -0.0005612783 0.0004215048 0.2508000000 1.0000000000 true

1000 0.0010000000 0.1000000000
20408
2.606
2.775
8.440
64120 0.0000003208 0.0000000000 0.0000692843 0.1552000000 1.0000000000 true
64120 0.0000000978 0.0000000000 0.0000658880 0.2100000000 1.0000000000 true
8120 -0.0000146405 -0.0000733598 0.0000964546 0.2479000000 1.0000000000 true
20440
2.452
3.441
16.472
64120 0.0000001708 0.0000000000 0.0000866876 0.2106000000 1.0000000000 true
64120 0.0000100607 0.0000000000 0.0001166229 0.8792000000 1.0000000000 true
16128 -0.0000255591 -0.0001733753 0.0001702570 0.2581000000 1.0000000000 true

1000 0.0010000000 0.0100000000
20440
3.071
5.153
15.088
112168 0.0000008998 0.0000000000 0.0000606851 0.5386000000 1.0000000000 true
112168 0.0000000477 0.0000000000 0.0000518475 0.5110000000 1.0000000000 true
14168 -0.0000139438 -0.0000624526 0.0000241562 0.2003000000 1.0000000000 true
20440
2.540
4.698
24.323
112168 0.0000000000 0.0000000000 0.0000000000 0.3329000000 1.0000000000 true
112168 0.0000071170 0.0000000000 0.0000306059 0.2829000000 1.0000000000 true
28176 -0.0000276897 -0.0001994848 0.0000169425 0.2378000000 1.0000000000 true

1000 0.0010000000 0.0010000000
20712
2.819
5.622
18.940
160216 0.0000000000 0.0000000000 0.0000000000 0.3909000000 1.0000000000 true
160216 0.0000000000 0.0000000000 0.0000000000 0.3055000000 1.0000000000 true
20216 -0.0000148145 -0.0000544580 0.0000202272 0.2436000000 1.0000000000 true
20552
2.810
5.198
32.650
160216 0.0000000000 0.0000000000 0.0000000000 0.3697000000 1.0000000000 true
160216 0.0000062469 0.0000000000 0.0000237938 0.3567000000 1.0000000000 true
40224 -0.0000267326 -0.0001621866 0.0000087406 0.2538000000 1.0000000000 true

10000 0.1000000000 0.1000000000
203592
17.930
32.736
95.938
760 0.0157940297 0.0152247027 0.0168035001 2.0278000000 1.0000000000 true
760 0.0074060391 0.0073683762 0.0074263408 2.4539000000 1.0000000000 true
200 0.0093379222 0.0053166928 0.0214616239 1.9403000000 1.0000000000 true
203208
17.498
25.336
142.272
760 0.0144472293 0.0132240697 0.0160170598 1.8248000000 1.0000000000 true
760 0.0081845299 0.0080490575 0.0082735532 1.5270000000 1.0000000000 true
288 0.0052348455 -0.0000662558 0.0279777153 1.5833000000 1.0000000000 true

10000 0.1000000000 0.0100000000
203592
21.354
45.300
135.487
1288 0.0087644069 0.0084809919 0.0093652695 2.2981000000 1.0000000000 true
1288 0.0034010139 0.0033814224 0.0034119275 2.3439000000 1.0000000000 true
308 0.0042141887 0.0014971708 0.0121899727 2.4696000000 1.0000000000 true
201896
22.367
37.999
236.449
1288 0.0094340672 0.0089896578 0.0102606531 2.0994000000 1.0000000000 true
1288 0.0043834987 0.0043341104 0.0044169657 3.2696000000 1.0000000000 true
456 0.0023916917 -0.0049230391 0.0170544948 2.1592000000 1.0000000000 true

10000 0.1000000000 0.0010000000
203352
28.521
59.936
191.956
1816 0.0060695561 0.0058338603 0.0064236931 2.9646000000 1.0000000000 true
1816 0.0021198525 0.0021066573 0.0021270636 2.7778000000 1.0000000000 true
416 0.0023537372 0.0010465699 0.0042589364 2.8485000000 1.0000000000 true
203144
26.577
47.663
336.150
1816 0.0069278208 0.0066504349 0.0075311316 2.4288000000 1.0000000000 true
1816 0.0028850512 0.0028393273 0.0029135682 3.4462000000 1.0000000000 true
624 0.0011692173 -0.0018457178 0.0063541360 2.5995000000 1.0000000000 true

10000 0.0100000000 0.1000000000
203112
15.714
29.356
78.134
6520 0.0004257917 0.0002781224 0.0005666270 1.6386000000 1.0000000000 true
6520 0.0002160369 0.0002030513 0.0002233165 1.5978000000 1.0000000000 true
920 0.0002584130 0.0000000000 0.0008176959 1.5354000000 1.0000000000 true
203208
17.690
25.759
144.453
6520 0.0005069339 0.0003252788 0.0006788311 1.7608000000 1.0000000000 true
6520 0.0003029800 0.0002332354 0.0003358483 1.4942000000 1.0000000000 true
1728 0.0002246784 -0.0002027597 0.0013529060 1.5528000000 1.0000000000 true

10000 0.0100000000 0.0100000000
202712
20.273
41.885
133.043
11368 0.0003401700 0.0002076506 0.0004361876 2.0750000000 1.0000000000 true
11368 0.0001432146 0.0001326049 0.0001492817 2.1812000000 1.0000000000 true
1568 0.0001614705 0.0000305202 0.0003315123 2.8712000000 1.0000000000 true
203336
26.261
38.087
240.121
11368 0.0003979997 0.0002794076 0.0005207573 2.2998000000 1.0000000000 true
11368 0.0002034273 0.0001670602 0.0002227956 2.0731000000 1.0000000000 true
2976 0.0001113623 -0.0003190725 0.0005599109 2.0042000000 1.0000000000 true

10000 0.0100000000 0.0010000000
203528
26.273
55.740
186.465
16216 0.0002797538 0.0002124218 0.0003407472 3.2844000000 1.0000000000 true
16216 0.0001061613 0.0000982715 0.0001102658 2.7249000000 1.0000000000 true
2216 0.0001221267 0.0000595626 0.0002790720 2.7139000000 1.0000000000 true
203736
25.550
46.287
327.005
16216 0.0003363983 0.0002326509 0.0004305852 2.6644000000 1.0000000000 true
16216 0.0001535515 0.0001228192 0.0001689622 3.5973000000 1.0000000000 true
4224 0.0000663061 -0.0003997399 0.0004475689 2.8648000000 1.0000000000 true

10000 0.0010000000 0.1000000000
203048
20.187
33.450
86.518
64120 0.0000167396 0.0000000000 0.0000445367 2.5152000000 1.0000000000 true
64120 0.0000088110 0.0000000000 0.0000142965 1.6484000000 1.0000000000 true
8120 0.0000100405 -0.0000048832 0.0000601863 1.5489000000 1.0000000000 true
203096
17.535
24.678
140.078
64120 0.0000185696 0.0000000000 0.0000573492 1.7272000000 1.0000000000 true
64120 0.0000137139 0.0000000000 0.0000323578 3.3694000000 1.0000000000 true
16128 0.0000074430 -0.0000555485 0.0001028030 1.5143000000 1.0000000000 true

10000 0.0010000000 0.0100000000
204168
26.785
46.905
139.900
112168 0.0000121923 0.0000000000 0.0000287437 2.5702000000 1.0000000000 true
112168 0.0000058514 0.0000000000 0.0000102027 2.2660000000 1.0000000000 true
14168 0.0000063613 -0.0000043504 0.0000264649 2.3676000000 1.0000000000 true
203976
26.549
40.644
243.230
112168 0.0000130630 0.0000000000 0.0000392939 2.5432000000 1.0000000000 true
112168 0.0000089738 0.0000000000 0.0000199134 2.2355000000 1.0000000000 true
28176 0.0000027908 -0.0000493718 0.0000434123 1.9413000000 1.0000000000 true

10000 0.0010000000 0.0010000000
202696
35.877
61.108
189.077
160216 0.0000097756 0.0000000000 0.0000243621 2.9251000000 1.0000000000 true
160216 0.0000045069 0.0000000000 0.0000083210 2.7923000000 1.0000000000 true
20216 0.0000046290 -0.0000044841 0.0000236224 2.6788000000 1.0000000000 true
203560
37.362
56.262
368.106
160216 0.0000098186 0.0000000000 0.0000342267 2.9659000000 1.0000000000 true
160216 0.0000067970 0.0000000000 0.0000153280 4.5413000000 1.0000000000 true
40224 0.0000001671 -0.0000558252 0.0000334429 3.4087000000 1.0000000000 true

100000 0.1000000000 0.1000000000
2094648
373.136
383.524
920.626
760 0.0149757206 0.0146531589 0.0153855557 40.3589000001 1.0000000000 true
760 0.0069056355 0.0069021288 0.0069074120 40.3519000000 1.0000000000 true
200 0.0076461874 0.0019854054 0.0159191630 37.2755000000 1.0000000000 true
2094792
347.036
383.197
1685.841
760 0.0142478171 0.0140653851 0.0146128043 39.3712000000 1.0000000000 true
760 0.0077786163 0.0077705721 0.0077866618 51.7363000000 1.0000000000 true
288 0.0055542163 -0.0056752927 0.0212592347 50.1772000000 1.0000000000 true

100000 0.1000000000 0.0100000000
2095864
493.571
823.184
2429.731
1288 0.0087714445 0.0086447904 0.0089498182 41.8977000001 1.0000000000 true
1288 0.0033072735 0.0033053809 0.0033083334 36.4712000000 1.0000000000 true
308 0.0040931811 0.0011629830 0.0093249046 37.2376000000 1.0000000000 true
2094392
392.165
513.426
2607.815
1288 0.0093867058 0.0092027215 0.0096808995 37.5687000000 1.0000000000 true
1288 0.0042163444 0.0042117995 0.0042195360 34.8094000000 1.0000000000 true
456 0.0024928470 -0.0000042709 0.0141361091 32.7451000000 1.0000000000 true

100000 0.1000000000 0.0010000000
2094904
485.124
844.217
2588.803
1816 0.0061606270 0.0060954386 0.0062778818 62.2466000002 1.0000000000 true
1816 0.0020804200 0.0020790594 0.0020811354 51.6250000001 1.0000000000 true
416 0.0026339313 0.0016472604 0.0065967295 46.6608000001 1.0000000000 true
2094296
422.155
630.880
3550.300
1816 0.0070134164 0.0068991773 0.0072089827 60.0630000001 1.0000000000 true
1816 0.0028174100 0.0028130533 0.0028207394 52.8815000001 1.0000000000 true
624 0.0014828066 -0.0028290292 0.0084777090 51.0982000001 1.0000000000 true

100000 0.0100000000 0.1000000000
2095080
418.407
587.568
1552.642
6520 0.0004680774 0.0004330001 0.0005111328 45.1901000001 1.0000000000 true
6520 0.0002180116 0.0002167141 0.0002186704 37.1055000000 1.0000000000 true
920 0.0002481863 0.0000783079 0.0012756519 36.7927000000 1.0000000000 true
2095528
429.185
404.543
1688.949
6520 0.0005459300 0.0004888085 0.0006083607 44.2431000001 1.0000000000 true
6520 0.0003040960 0.0002977559 0.0003074335 28.5376000000 1.0000000000 true
1728 0.0002408240 -0.0002848812 0.0010942306 28.4820000000 1.0000000000 true

100000 0.0100000000 0.0100000000
2095192
481.298
740.080
1981.084
11368 0.0003784341 0.0003501063 0.0004090419 35.6800000000 1.0000000000 true
11368 0.0001448252 0.0001438832 0.0001453116 30.6567999999 1.0000000000 true
1568 0.0001629964 0.0000638000 0.0005200412 33.5066000000 1.0000000000 true
2095624
462.310
593.121
3114.680
11368 0.0004525568 0.0004146761 0.0004954944 36.8930000000 1.0000000000 true
11368 0.0002062502 0.0002024977 0.0002083248 44.6238000001 1.0000000000 true
2976 0.0001134476 -0.0002371444 0.0008230228 42.1031000001 1.0000000000 true

100000 0.0100000000 0.0010000000
2095016
610.442
1083.420
3276.051
16216 0.0003162075 0.0002935634 0.0003384030 44.7420000001 1.0000000000 true
16216 0.0001089113 0.0001081775 0.0001093027 38.7898000000 1.0000000000 true
2216 0.0001229999 0.0000538543 0.0004389186 43.1556000000 1.0000000000 true
2094744
493.532
739.026
4440.628
16216 0.0003824255 0.0003458115 0.0004150734 53.5136000001 1.0000000000 true
16216 0.0001568450 0.0001534589 0.0001583982 51.8759000001 1.0000000000 true
4224 0.0000664681 -0.0002033447 0.0003779266 48.9913000001 1.0000000000 true

100000 0.0010000000 0.1000000000
2094200
456.070
555.777
1054.116
64120 0.0000256494 0.0000173551 0.0000336497 37.9513000000 1.0000000000 true
64120 0.0000126208 0.0000116995 0.0000131018 36.5605000000 1.0000000000 true
8120 0.0000156733 -0.0000004346 0.0000949343 29.6892000000 1.0000000000 true
2094552
450.624
444.465
1696.751
64120 0.0000302778 0.0000184533 0.0000460257 44.0005000001 1.0000000000 true
64120 0.0000184342 0.0000145743 0.0000203793 43.8673000001 1.0000000000 true
16128 0.0000123722 -0.0000345771 0.0000853909 37.3842000000 1.0000000000 true

100000 0.0010000000 0.0100000000
2096040
751.111
1022.499
2033.742
112168 0.0000216551 0.0000147965 0.0000277753 54.0146000001 1.0000000000 true
112168 0.0000090105 0.0000083581 0.0000093844 65.8855000001 1.0000000000 true
14168 0.0000102294 0.0000019198 0.0000418212 72.5134000001 1.0000000000 true
2096168
761.730
943.703
4062.935
112168 0.0000261597 0.0000159997 0.0000354269 56.6940000001 1.0000000000 true
112168 0.0000132511 0.0000106075 0.0000146325 66.6982000002 1.0000000000 true
28176 0.0000070862 -0.0000601028 0.0000367128 48.8878000001 1.0000000000 true

100000 0.0010000000 0.0010000000
2094648
746.424
1099.660
2340.526
160216 0.0000189028 0.0000132457 0.0000238039 79.7164000001 1.0000000000 true
160216 0.0000071784 0.0000065704 0.0000074875 82.5417000002 1.0000000000 true
20216 0.0000081243 0.0000017065 0.0000186845 48.6645000001 1.0000000000 true
2095736
1184.804
1532.134
6210.294
160216 0.0000227884 0.0000140924 0.0000305078 52.9865000001 1.0000000000 true
160216 0.0000105179 0.0000082249 0.0000116362 42.8837000001 1.0000000000 true
40224 0.0000044254 -0.0000363667 0.0000308347 43.4037000001 1.0000000000 true

