1000 0.1 0.1
20488
1.525
2.687
7.759
760 0.0440148186 0.0346748171 0.0566767127 0.1451000000 1.0000000000 true
760 0.0222417572 0.0211073365 0.0228964548 0.1431000000 1.0000000000 true
200 0.0240465171 0.0039616192 0.0872301679 0.1495000000 1.0000000000 true
20552
1.724
2.317
13.427
760 0.0254601305 0.0170569170 0.0320432386 0.1463000000 1.0000000000 true
760 0.0151616781 0.0128713881 0.0165159906 0.1787000000 1.0000000000 true
288 0.0162588444 -0.0011128896 0.0635632862 0.1581000000 1.0000000000 true

1000 0.1000000000 0.0100000000
20472
1.901
4.198
12.715
1288 0.0128946527 0.0105929832 0.0153065032 0.1904000000 1.0000000000 true
1288 0.0053865949 0.0050897310 0.0055623267 0.1985000000 1.0000000000 true
308 0.0049725377 0.0012156902 0.0127321004 0.2212000000 1.0000000000 true
20616
1.987
3.476
23.779
1288 0.0121121265 0.0096993275 0.0148592019 0.1923000000 1.0000000000 true
1288 0.0061758418 0.0055308025 0.0067164476 0.2744000000 1.0000000000 true
456 0.0035922209 -0.0050825977 0.0169567118 0.2962000000 1.0000000000 true

1000 0.1000000000 0.0010000000
20456
2.330
5.324
19.271
1816 0.0075564941 0.0065040709 0.0088637464 0.2619000000 1.0000000000 true
1816 0.0028594764 0.0026807074 0.0029654646 0.2674000000 1.0000000000 true
416 0.0030174122 0.0015888361 0.0074272645 0.2731000000 1.0000000000 true
20264
2.394
4.567
30.959
1816 0.0076377865 0.0061741440 0.0093955004 0.2717000000 1.0000000000 true
1816 0.0036129032 0.0031964073 0.0039272663 0.2511000000 1.0000000000 true
624 0.0012932768 -0.0063854767 0.0103376921 0.2362000000 1.0000000000 true

1000 0.0100000000 0.1000000000
20408
1.362
2.578
7.302
6520 0.0003351241 0.0000000000 0.0007493564 0.1489000000 1.0000000000 true
6520 0.0001780417 0.0000000000 0.0002847296 0.1677000000 1.0000000000 true
920 0.0002151357 -0.0000931842 0.0013239925 0.1607000000 1.0000000000 true
20360
1.614
2.414
14.324
6520 0.0004115582 0.0000000000 0.0010819637 0.1400000000 1.0000000000 true
6520 0.0002834025 0.0000000000 0.0005903615 0.1571000000 1.0000000000 true
1728 0.0001484801 -0.0005892642 0.0010117348 0.1674000000 1.0000000000 true

1000 0.0100000000 0.0100000000
20696
1.758
3.596
12.035
11368 0.0002286326 0.0000000000 0.0005193322 0.2038000000 1.0000000000 true
11368 0.0001089784 0.0000000000 0.0001810698 0.1878000000 1.0000000000 true
1568 0.0001139588 -0.0000706371 0.0005083884 0.2057000000 1.0000000000 true
20488
2.103
3.394
23.141
11368 0.0002530553 0.0000000000 0.0006012622 0.2114000000 1.0000000000 true
11368 0.0001662401 0.0000000000 0.0003414467 0.1829000000 1.0000000000 true
2976 0.0000505576 -0.0006504165 0.0007083483 0.2304000000 1.0000000000 true

1000 0.0100000000 0.0010000000
20488
2.301
5.607
17.587
16216 0.0001610031 0.0000000000 0.0003706149 0.3904000000 1.0000000000 true
16216 0.0000764104 0.0000000000 0.0001375645 0.2597000000 1.0000000000 true
2216 0.0000812551 -0.0000687822 0.0003382468 0.2518000000 1.0000000000 true
20280
2.324
4.360
32.918
16216 0.0001683734 0.0000000000 0.0005229854 0.2324000000 1.0000000000 true
16216 0.0001150212 0.0000000000 0.0002439625 0.2417000000 1.0000000000 true
4224 0.0000025877 -0.0004178040 0.0004353342 0.2321000000 1.0000000000 true

1000 0.0010000000 0.1000000000
20504
1.538
2.489
7.666
64120 0.0000006589 0.0000000000 0.0000730172 0.1574000000 1.0000000000 true
64120 0.0000002261 0.0000000000 0.0000675580 0.1543000000 1.0000000000 true
8120 -0.0000113775 -0.0000702876 0.0000866653 0.1456000000 1.0000000000 true
20360
1.877
2.735
13.908
64120 0.0000002556 0.0000000000 0.0000815702 0.2512000000 1.0000000000 true
64120 0.0000090554 0.0000000000 0.0001116884 0.2159000000 1.0000000000 true
16128 -0.0000253450 -0.0001882388 0.0000665111 0.1609000000 1.0000000000 true

1000 0.0010000000 0.0100000000
20520
4.398
4.991
14.962
112168 0.0000000245 0.0000000000 0.0000490447 0.2273000000 1.0000000000 true
112168 0.0000000000 0.0000000000 0.0000000000 0.2606000000 1.0000000000 true
14168 -0.0000149396 -0.0000626354 0.0000224542 0.2214000000 1.0000000000 true
20392
2.720
4.027
25.161
112168 0.0000000000 0.0000000000 0.0000000000 0.3147000000 1.0000000000 true
112168 0.0000072983 0.0000000000 0.0000569548 0.2476000000 1.0000000000 true
28176 -0.0000282757 -0.0002185092 0.0000191675 0.1904000000 1.0000000000 true

1000 0.0010000000 0.0010000000
20440
3.415
5.920
18.741
160216 0.0000000000 0.0000000000 0.0000000000 0.3853000000 1.0000000000 true
160216 0.0000000164 0.0000000000 0.0000322655 0.3854000000 1.0000000000 true
20216 -0.0000149185 -0.0000582861 0.0000052041 0.2530000000 1.0000000000 true
20248
3.512
5.700
33.678
160216 0.0000000000 0.0000000000 0.0000000000 0.3617000000 1.0000000000 true
160216 0.0000063658 0.0000000000 0.0000257833 0.3704000000 1.0000000000 true
40224 -0.0000281792 -0.0002369147 0.0000068107 0.2865000000 1.0000000000 true

10000 0.1000000000 0.1000000000
203544
20.482
31.799
89.021
760 0.0155959831 0.0147821750 0.0167965644 1.8751000000 1.0000000000 true
760 0.0073552246 0.0073211320 0.0073754504 2.4377000000 1.0000000000 true
200 0.0080409504 0.0053452592 0.0215742788 1.8630000000 1.0000000000 true
203384
21.507
27.452
152.017
760 0.0145349521 0.0138182672 0.0159846788 1.5829000000 1.0000000000 true
760 0.0081869173 0.0080996283 0.0082646883 1.8472000000 1.0000000000 true
288 0.0058304602 -0.0000648777 0.0281702281 1.7414000000 1.0000000000 true

10000 0.1000000000 0.0100000000
203960
21.834
45.105
134.523
1288 0.0087881921 0.0082370428 0.0094277695 4.0857000000 1.0000000000 true
1288 0.0034422030 0.0034224056 0.0034530329 2.2511000000 1.0000000000 true
308 0.0040379886 0.0015033485 0.0122387512 2.1971000000 1.0000000000 true
203400
21.355
42.857
254.892
1288 0.0093977410 0.0088178007 0.0102671732 2.1183000000 1.0000000000 true
1288 0.0043843857 0.0043352580 0.0044213859 2.1431000000 1.0000000000 true
456 0.0017250935 -0.0049420416 0.0085745191 2.1735000000 1.0000000000 true

10000 0.1000000000 0.0010000000
203288
25.420
56.232
192.033
1816 0.0060804060 0.0058163053 0.0065141681 2.8186000000 1.0000000000 true
1816 0.0021286677 0.0021147002 0.0021359424 3.0523000000 1.0000000000 true
416 0.0022625822 0.0010486838 0.0042701906 2.7305000000 1.0000000000 true
202552
27.611
50.615
339.916
1816 0.0068732704 0.0065167930 0.0074834247 2.4068000000 1.0000000000 true
1816 0.0028923952 0.0028594568 0.0029174480 2.8601000000 1.0000000000 true
624 0.0014689124 -0.0000325506 0.0063705929 2.6409000000 1.0000000000 true

10000 0.0100000000 0.1000000000
203688
15.656
27.308
80.465
6520 0.0004367813 0.0002982893 0.0005635465 1.4599000000 1.0000000000 true
6520 0.0002273337 0.0001189153 0.0002356285 1.5443000000 1.0000000000 true
920 0.0002445447 0.0000878852 0.0008198951 1.6983000000 1.0000000000 true
203528
17.099
25.092
142.578
6520 0.0004784104 0.0002564907 0.0007231269 1.6314000000 1.0000000000 true
6520 0.0003006869 0.0002525991 0.0003309615 1.6415000000 1.0000000000 true
1728 0.0001894807 -0.0003852667 0.0013585164 1.7684000000 1.0000000000 true

10000 0.0100000000 0.0100000000
203368
21.344
41.766
133.476
11368 0.0003458235 0.0002505816 0.0004309386 2.1300000000 1.0000000000 true
11368 0.0001436187 0.0001338657 0.0001490648 2.1413000000 1.0000000000 true
1568 0.0001679935 0.0000711187 0.0006600627 2.6390000000 1.0000000000 true
202648
22.640
35.081
242.545
11368 0.0003992111 0.0002425566 0.0005267133 2.0831000000 1.0000000000 true
11368 0.0002026183 0.0001690413 0.0002232607 2.2822000000 1.0000000000 true
2976 0.0001070923 -0.0004694124 0.0005634710 2.0357000000 1.0000000000 true

10000 0.0100000000 0.0010000000
202936
25.453
54.586
182.427
16216 0.0002770567 0.0002117999 0.0003467993 2.5531000000 1.0000000000 true
16216 0.0001074267 0.0000985482 0.0001116788 2.5529000000 1.0000000000 true
2216 0.0001199546 0.0000253722 0.0002800519 2.4904000000 1.0000000000 true
203752
28.818
50.667
345.738
16216 0.0003338088 0.0002299790 0.0004285004 2.4935000000 1.0000000000 true
16216 0.0001544121 0.0001250158 0.0001706983 2.9410000000 1.0000000000 true
4224 0.0000644765 -0.0005293277 0.0004491797 2.9457000000 1.0000000000 true

10000 0.0010000000 0.1000000000
203128
20.128
31.921
82.934
64120 0.0000163419 0.0000000000 0.0000415563 1.5933000000 1.0000000000 true
64120 0.0000088128 0.0000000000 0.0000142260 1.6857000000 1.0000000000 true
8120 0.0000102085 -0.0000055487 0.0000603865 2.3592000000 1.0000000000 true
202648
18.319
25.741
143.857
64120 0.0000207724 0.0000000000 0.0000619294 1.6526000000 1.0000000000 true
64120 0.0000140095 0.0000000000 0.0000325512 1.7751000000 1.0000000000 true
16128 0.0000074003 -0.0000550362 0.0000980367 2.2759000000 1.0000000000 true

10000 0.0010000000 0.0100000000
203288
32.165
57.519
147.909
112168 0.0000121337 0.0000000000 0.0000290606 2.4650000000 1.0000000000 true
112168 0.0000058994 0.0000000000 0.0000104307 2.3603000000 1.0000000000 true
14168 0.0000069297 -0.0000050856 0.0000475868 2.1143000000 1.0000000000 true
202872
26.971
38.410
239.171
112168 0.0000131770 0.0000000000 0.0000404528 2.3598000000 1.0000000000 true
112168 0.0000094898 0.0000000000 0.0000227486 2.4646000000 1.0000000000 true
28176 0.0000026314 -0.0000868231 0.0000465643 2.4101000000 1.0000000000 true

10000 0.0010000000 0.0010000000
203032
36.557
63.751
197.598
160216 0.0000095261 0.0000000000 0.0000246163 2.7814000000 1.0000000000 true
160216 0.0000045693 0.0000000000 0.0000082826 2.8751000000 1.0000000000 true
20216 0.0000047381 -0.0000046734 0.0000236447 3.3062000000 1.0000000000 true
203112
37.630
60.043
361.557
160216 0.0000101726 0.0000000000 0.0000314913 4.3605000000 1.0000000000 true
160216 0.0000069328 0.0000000000 0.0000157893 6.7143000000 1.0000000000 true
40224 0.0000003901 -0.0000750645 0.0000311860 4.2301000000 1.0000000000 true

100000 0.1000000000 0.1000000000
2092472
359.755
387.027
941.984
760 0.0150200600 0.0147940816 0.0153523591 70.7981000001 1.0000000000 true
760 0.0069161313 0.0069129166 0.0069180526 55.8490000001 1.0000000000 true
200 0.0083648883 0.0039786317 0.0318669506 52.1719000001 1.0000000000 true
2095768
830.926
1123.793
5902.503
760 0.0141785969 0.0139662807 0.0146408626 48.9056000001 1.0000000000 true
760 0.0077823297 0.0077736508 0.0077901394 39.8078000000 1.0000000000 true
288 0.0045574343 -0.0056786492 0.0219806172 47.9752000001 1.0000000000 true

100000 0.1000000000 0.0100000000
2093432
436.761
697.741
1841.976
1288 0.0087672294 0.0086715958 0.0089685653 41.1797000000 1.0000000000 true
1288 0.0033094552 0.0033074279 0.0033105417 43.1985000001 1.0000000000 true
308 0.0035404128 0.0023294217 0.0186559602 44.7212000001 1.0000000000 true
2091496
439.250
544.142
3128.625
1288 0.0093971120 0.0092511593 0.0096908808 37.9891000000 1.0000000000 true
1288 0.0042091833 0.0042042470 0.0042131249 36.6843000000 1.0000000000 true
456 0.0014191417 -0.0037761229 0.0141447590 49.2547000001 1.0000000000 true

100000 0.1000000000 0.0010000000
2095144
447.831
835.195
2166.840
1816 0.0061740300 0.0061115434 0.0062977294 45.4118000001 1.0000000000 true
1816 0.0020850732 0.0020835745 0.0020858021 42.5147000000 1.0000000000 true
416 0.0021374599 0.0016475967 0.0065982776 54.5399000001 1.0000000000 true
2094616
515.575
743.685
4301.885
1816 0.0070157719 0.0068474257 0.0072058018 44.4482000000 1.0000000000 true
1816 0.0028128915 0.0028098691 0.0028151313 52.0167000001 1.0000000000 true
624 0.0008999088 -0.0028299257 0.0098935309 47.0154000001 1.0000000000 true

100000 0.0100000000 0.1000000000
2093896
382.318
533.861
1299.559
6520 0.0004691452 0.0004430564 0.0005111358 56.3986000001 1.0000000000 true
6520 0.0002182911 0.0002170402 0.0002189581 44.9763000001 1.0000000000 true
920 0.0002529665 0.0000783502 0.0012760238 32.6265000000 1.0000000000 true
2097032
414.381
427.366
2049.099
6520 0.0005494936 0.0005025715 0.0006176146 31.7357000000 1.0000000000 true
6520 0.0003048515 0.0003000672 0.0003082384 27.3035000000 1.0000000000 true
1728 0.0002205298 -0.0002848798 0.0010944572 38.1851000000 1.0000000000 true

100000 0.0100000000 0.0100000000
2094920
540.171
829.686
2124.962
11368 0.0003782569 0.0003504594 0.0004059325 44.1850000000 1.0000000000 true
11368 0.0001447473 0.0001438698 0.0001452350 43.7213000001 1.0000000000 true
1568 0.0001625572 0.0000638628 0.0005201648 38.7106000000 1.0000000000 true
2095624
447.184
487.482
2999.756
11368 0.0004529070 0.0004222333 0.0004980056 54.7756000001 1.0000000000 true
11368 0.0002061498 0.0002026987 0.0002084423 66.1093000001 1.0000000000 true
2976 0.0001243136 -0.0004725400 0.0008822163 63.7526000001 1.0000000000 true

100000 0.0100000000 0.0010000000
2095144
526.550
859.711
2424.990
16216 0.0003178075 0.0002958446 0.0003404336 55.9893000001 1.0000000000 true
16216 0.0001091842 0.0001083911 0.0001095969 44.6356000000 1.0000000000 true
2216 0.0001315481 0.0000538539 0.0004390240 50.1692000001 1.0000000000 true
2095016
520.015
728.363
4383.139
16216 0.0003840947 0.0003560964 0.0004184137 48.0060000001 1.0000000000 true
16216 0.0001572597 0.0001539449 0.0001589519 40.4618000001 1.0000000000 true
4224 0.0000753077 -0.0003040515 0.0003779268 47.1800000000 1.0000000000 true

100000 0.0010000000 0.1000000000
2094616
466.339
613.979
1138.449
64120 0.0000256070 0.0000178594 0.0000335632 33.0396000000 1.0000000000 true
64120 0.0000125981 0.0000116880 0.0000131077 28.9651000000 1.0000000000 true
8120 0.0000139733 0.0000021846 0.0000949353 29.6200000000 1.0000000000 true
2095880
411.383
497.256
1739.498
64120 0.0000307543 0.0000171787 0.0000435089 33.3404000000 1.0000000000 true
64120 0.0000184082 0.0000145155 0.0000204336 32.8071000000 1.0000000000 true
16128 0.0000125713 -0.0000234949 0.0000853930 31.6693000000 1.0000000000 true

100000 0.0010000000 0.0100000000
2094984
694.208
924.602
1903.314
112168 0.0000215169 0.0000123431 0.0000277554 43.1232000000 1.0000000000 true
112168 0.0000089678 0.0000082117 0.0000093148 45.2150000000 1.0000000000 true
14168 0.0000102415 0.0000018997 0.0000418296 40.2528000000 1.0000000000 true
2094392
858.090
942.841
3966.106
112168 0.0000259363 0.0000171989 0.0000352205 91.3677000001 1.0000000000 true
112168 0.0000132035 0.0000100630 0.0000145875 75.4255000002 1.0000000000 true
28176 0.0000071402 -0.0000404289 0.0000367319 55.2423000001 1.0000000000 true

100000 0.0010000000 0.0010000000
2094696
1032.824
1560.068
3448.663
160216 0.0000188748 0.0000115168 0.0000240104 47.5675000001 1.0000000000 true
160216 0.0000071849 0.0000066051 0.0000075226 49.9537000001 1.0000000000 true
20216 0.0000082034 0.0000017255 0.0000373895 41.4737000000 1.0000000000 true
2093176
980.057
1303.092
4328.802
160216 0.0000224699 0.0000145087 0.0000303173 51.5756000001 1.0000000000 true
160216 0.0000105267 0.0000083282 0.0000116939 54.1080000001 1.0000000000 true
40224 0.0000046874 -0.0000276488 0.0000308510 62.6570000001 1.0000000000 true

